47 33
5992 5630 3042 3973 3319 4308 2125 2494 2760 686 6415 6794 9865 5849 5806 7507 9875 1244 387 7472 3526 5569 8322 1443 1426 446 3427 392 7416 9273 39 832 6498 
2694 5653 2351 68 2311 7140 3898 5724 1248 8321 6481 401 1273 9203 510 8070 2444 1760 515 5715 5080 375 432 6649 892 4138 7206 1487 7162 5131 7017 7560 4657 
9880 6332 3694 4741 429 2568 1733 9247 8800 3915 2351 4141 6882 7446 3033 4847 4389 9038 2024 1638 6336 255 5532 1264 5599 2947 4160 3104 8463 8514 7040 9505 8876 
8517 1827 7996 7616 2585 106 4918 2586 6951 2515 6107 3763 1752 5425 6350 2781 490 2757 3114 8612 808 1042 9774 3056 2847 6842 469 890 8188 3942 9502 5727 3975 
5766 8051 657 2427 5766 5537 7117 2058 3052 3945 4945 4631 4283 813 6921 2017 2983 3589 2559 5297 8972 1685 2 154 1844 4975 673 1127 1788 1188 2863 9156 1572 
6004 9996 33 927 8803 9174 8173 9194 5090 1855 6146 5928 1914 3366 2151 4213 3946 2629 247 3497 5447 8187 6725 7920 7465 6255 4049 5245 4295 3732 217 3438 5298 
2407 4965 3402 6695 1020 5623 4307 3787 1641 1356 7831 3754 2461 1895 7176 5734 684 2719 1615 1021 5929 6895 1359 1127 7949 8671 1814 2835 4499 7463 5858 43 7612 
4559 9380 7153 1481 7199 3742 4943 3318 8636 4749 1939 4496 9177 9046 7308 1539 321 3161 2641 7024 9147 3806 7041 3476 25 3508 6781 662 3677 4230 1152 4432 2235 
2341 5167 4866 9854 9297 8583 542 5215 9812 3582 1869 6085 6217 7685 9104 3970 5256 7737 9063 8898 9983 1411 2421 6453 9032 7614 5972 5792 5939 206 1868 6410 1361 
8918 2053 239 4760 1542 1604 3323 670 7302 9686 1633 4296 8234 1929 3442 8938 5245 667 1261 2742 5556 7327 2385 8837 5548 2438 7672 2046 3901 6329 4361 1124 5323 
3855 1928 7591 4088 522 8501 1659 4911 2393 7302 8109 8212 8741 7969 2534 8376 8701 5504 6922 7608 2601 4477 4519 5077 8627 109 8369 8516 6095 3902 3602 8347 8740 
9884 10 6066 4864 2379 6090 5268 9917 5965 6155 6457 142 1182 7202 765 3834 3370 3812 1900 4517 3783 7730 1113 8596 3592 7175 8218 6852 623 1910 2378 9571 4313 
7910 5216 2383 1581 3963 3196 439 190 1694 9697 9675 8937 9703 8633 7752 7982 9454 9572 7844 6359 5731 8389 194 2768 4403 2296 1699 1738 6454 1621 1322 9574 6406 
1623 3780 4361 2565 2255 8702 2242 4430 9782 9991 8722 9630 5858 399 2166 8029 9659 8134 8802 5837 4832 2292 1983 753 2389 1142 6688 3241 7932 4444 4185 7053 494 
3313 3973 9243 7507 482 3003 515 910 1143 252 9404 591 5512 2902 8471 6314 6664 6563 971 9874 2016 9736 596 8025 2012 3775 6653 5759 3190 1903 6167 4930 962 
9755 9721 2754 7025 1367 2545 5171 594 2094 7052 2489 7852 2412 1708 3267 9345 96 9653 1682 287 4232 296 1087 9636 9066 5589 9971 59 2330 3741 7607 8572 8816 
2550 6070 6155 7613 646 7004 449 6132 660 7174 7662 4303 9564 7685 6730 5935 7697 9927 9050 598 5429 1342 8437 4718 7321 6942 4121 307 8981 6325 5403 4350 1885 
5956 1169 8948 307 3199 221 2022 6686 4546 4524 6340 3089 769 1239 1162 9286 5791 8505 888 2480 5369 248 654 4725 7324 4385 4835 7541 9542 5348 90 6399 7956 
1936 2278 87 1207 6831 2729 1653 466 3500 8756 856 2696 1014 1709 1440 3644 2644 4088 8229 5951 1538 5654 7963 4961 4738 4610 7064 2528 6942 5857 5912 3583 9345 
5893 6680 828 6300 4535 2137 2303 3447 5942 6801 2138 7750 2968 4004 2135 3713 6109 7595 9908 8958 3501 2805 7976 6237 5259 1637 1211 8899 6472 5842 8621 6999 6097 
5996 1443 7597 4261 3094 6161 8704 1987 5164 1199 1640 4729 2430 1418 7753 9791 7480 1950 8257 1286 6160 454 2048 6563 4563 3873 1803 2837 8900 2052 7837 5036 5931 
3092 4333 4816 2307 9650 181 680 8314 9877 1971 1783 9456 4841 1832 7672 4004 221 5364 4961 3917 3528 816 5233 8364 1142 6415 1942 627 9904 281 98 831 939 
1983 6878 394 3572 9802 1651 3382 4976 9894 5002 6198 2801 8494 6446 2506 1359 3617 5473 1419 5983 4983 448 2008 7081 2595 3004 7705 1399 2087 56 4254 2495 8976 
1666 3572 8549 4985 5316 6713 3962 2292 3033 9368 1657 9627 9736 1997 979 992 9857 216 9194 2475 2772 3678 7019 3153 9636 1342 35 955 6152 8978 7620 68 2028 
5349 8395 2476 703 1101 3880 7905 604 2973 6503 9826 864 9019 1502 7333 2918 4087 4958 5010 5241 774 2489 5541 4914 3883 2501 3919 3788 4227 6841 8503 3039 377 
5660 1735 9311 3012 2438 7347 2986 6618 3940 253 77 8248 6011 2666 8314 3017 6575 874 2277 7142 1830 9073 6306 7737 5309 6269 2518 8439 7486 8314 5860 598 7170 
6018 1256 3671 6920 1412 1536 8286 9304 3093 4552 9117 1628 4425 4708 903 1627 8291 769 5847 6815 480 6284 2602 5390 8775 7139 6501 322 4799 4964 784 8486 2377 
7431 3522 9734 8301 9838 474 6665 6014 5624 7506 4448 1913 6842 4477 3656 7597 8992 1941 3256 9436 631 4861 3955 4316 1064 8058 2919 6804 5366 9623 1136 3342 1807 
9454 3951 5314 3105 9596 4371 3252 4324 8512 4604 4611 5546 7757 7712 4606 467 6918 396 9176 5671 2646 946 5709 174 6428 3513 6135 5395 4781 8147 785 6363 2030 
9442 2702 9859 3814 3961 7292 1383 3676 120 1100 3878 5910 2038 3386 93 3182 9827 5885 3816 2461 5042 5112 7277 1377 2687 2002 3923 608 6831 6513 4468 3801 3980 
5353 857 5205 1255 4419 8917 6528 1367 2909 6521 8615 4693 1802 9700 6204 2723 5928 8018 6413 9200 163 2113 1886 3376 9940 362 431 4917 1676 6414 2078 451 2797 
5703 3135 3574 6395 1514 7046 2154 3438 5931 9473 6934 4284 821 4047 915 1995 1772 3899 9569 9521 8571 4469 6403 1213 5752 7033 9954 8442 4966 2302 9633 6427 7324 
2572 8664 8781 687 4421 324 6265 5106 6599 1520 5201 1909 7848 1359 2499 1884 2689 3803 8418 248 998 487 1717 590 4948 9913 1696 1502 7448 9116 3364 9181 1315 
4091 933 9333 1522 4382 4067 3127 6482 9945 5490 5578 6875 589 2181 1248 3382 1064 7563 7661 8106 8378 6446 4229 7081 9814 8426 2642 8621 7149 7050 5283 2768 3382 
456 2826 8744 5184 2470 2389 8443 5212 2653 4141 2384 3026 8729 7754 6640 2017 1461 8258 1644 9035 3349 9336 9167 642 5563 1933 4457 4331 1110 5719 7621 8800 5983 
3460 4621 8704 8969 287 1864 6286 1361 2381 2076 990 1703 8152 1500 523 98 9187 1133 8224 2238 6347 7005 2111 2145 1537 37 9152 6577 5581 7711 1344 7170 462 
5211 8812 8470 3072 4498 9179 1164 8150 8412 831 841 4187 7054 7489 5571 8979 3630 9599 5880 1785 7534 989 4380 8855 4116 9681 6353 1586 2163 3517 1927 4440 250 
6180 515 4765 4161 328 4324 2860 4758 7876 4977 6463 5229 7016 7145 8637 7092 1939 595 5484 2216 1694 6124 5448 211 4651 3521 2679 8475 9330 7499 4018 8687 4917 
4827 8244 1499 3214 9669 989 6465 8720 8671 3354 6326 255 6192 6090 8694 9139 1197 2278 882 5689 5635 2573 5510 9599 5800 9433 1435 8758 1073 9204 5924 8708 7455 
1385 8302 7285 8737 7801 8103 6161 5578 9318 7933 8772 6796 3424 2057 7447 8825 8629 6195 5947 6046 5645 9192 3500 2780 195 9745 3281 6399 1392 2116 9134 2944 5378 
5339 724 9633 1634 688 9803 3989 9356 3241 1190 2378 9652 8330 8231 7571 3228 3654 1403 432 9777 4111 4903 6999 3847 3858 3112 1028 9985 5551 7349 2160 7499 2832 
8758 4257 8835 4451 7143 2379 9010 1045 2089 1841 6261 9569 7977 3393 6391 4355 9725 1205 4241 647 4708 96 2590 2597 2745 7987 5777 4821 5174 3382 2792 2753 4271 
9990 7139 8840 8028 3859 4366 2969 7558 2341 6118 4274 1066 2432 6206 9456 2863 9030 774 7315 7251 6657 4708 387 9865 4102 6486 9420 6775 7839 2388 2677 9962 5239 
3978 6980 195 6181 3133 3470 5192 7599 1793 5703 8682 7149 8531 5719 8724 55 9731 4621 901 368 3484 1716 3662 7221 9529 8058 8670 3088 731 1321 1723 4976 3713 
9525 6501 4506 2483 7064 8549 2363 2780 791 8219 8507 853 2735 3958 6991 3939 5053 233 7864 1057 9442 4834 3446 3710 1435 5271 9634 4490 9151 2496 9655 7631 8031 
9384 1403 1209 3871 9924 9631 8274 1231 8331 3788 5656 5698 2256 3577 8688 4779 1086 2108 109 947 5584 5445 5844 1152 3334 9852 4738 550 5643 755 1178 6045 9172 
1309 5879 2384 5885 658 8856 6846 3882 456 1511 7092 4963 4574 5119 1952 5507 1784 1091 1979 1307 1369 8589 6343 4740 3527 7544 4413 4346 776 5039 3557 1313 8843 
