91 50
1740 3259 7577 4995 9308 3386 7529 7775 3243 2996 2380 1170 2347 4672 540 9435 1676 390 9845 7043 2030 7850 5061 788 2209 1561 1286 9773 9146 7721 8655 6023 5985 3508 1643 9476 4172 9320 593 1434 4225 5653 8235 6251 3893 8735 8306 9187 5099 5477 
8898 821 9010 1885 7215 9776 4341 2115 3374 351 2821 7379 920 3980 9709 1272 5187 540 382 5181 1984 7359 3770 7608 148 229 9236 6574 4781 8253 1491 627 4731 601 8464 7643 16 1544 2901 3558 5545 5700 375 6352 214 4840 8881 1897 4816 4875 
7737 6987 2441 4904 2019 4947 8049 9809 2591 5426 901 2023 6727 8081 6026 2386 9983 3463 2786 7398 3238 9714 652 7138 510 584 9670 8482 9288 1759 5747 3937 1163 6480 8784 3477 9532 7552 489 3690 6063 2712 910 7632 8194 1115 5624 7536 1048 3405 
9847 5938 9438 3753 8478 741 8733 3426 7424 389 5453 9337 1212 2851 698 1728 3924 6407 9463 3558 1252 5325 9648 4946 5142 3364 7551 2332 3291 2173 8717 628 4379 1364 9866 1547 5732 3486 8448 2871 4920 1641 5090 7512 7512 8731 5963 6519 1309 1539 
2613 2124 8286 3531 7381 8826 1700 332 6881 8740 5721 4404 716 5698 101 7935 8846 5539 4366 9883 5402 1550 9688 610 2962 1270 1737 9595 4471 8199 2157 9546 4062 8974 920 7425 9497 8458 9227 5249 2544 4995 9309 6012 4343 6592 4047 1060 9439 6424 
2173 5346 6008 2274 9803 1272 9796 6622 2356 994 1624 2607 3775 2254 3166 2547 3725 4258 271 9816 2456 9350 5176 5691 7375 2457 335 8697 1022 658 1758 5921 2188 47 3486 6949 1108 5974 7827 2291 1999 2148 2405 4675 6780 1541 2475 2300 5429 1582 
182 6284 9426 5015 8606 1993 7399 9496 3460 6495 1914 7798 6330 9546 8832 2287 1717 437 1072 7125 5251 9107 8534 1499 9685 3977 9562 6577 3273 9803 4459 2307 6515 1425 3183 222 8171 6083 6555 1024 9153 193 927 840 739 1065 8996 3445 9705 9461 
9394 7193 7313 5070 5675 6701 8689 269 9365 450 6664 3795 628 9648 1677 5127 8392 4698 713 2861 8949 5687 5198 9091 33 6510 5753 2499 6499 260 3260 8161 1861 9791 9679 3059 5146 1859 9759 711 8433 762 1402 2348 3445 7725 5965 5776 4726 7631 
9035 2103 5613 8584 4497 9902 7289 1603 6424 5205 6542 6997 4396 5310 7566 280 2296 1435 59 291 1131 1566 5095 3491 3289 1791 4892 9869 2028 8080 7937 7181 223 754 1735 8486 617 3977 8526 5737 6535 481 6801 1603 9164 9864 8922 3476 9381 1268 
3221 76 3386 6501 994 4675 4092 9474 5565 1406 7632 4157 4320 2653 4549 7866 7745 1696 8386 74 8427 6911 1379 1733 9106 8462 1507 9876 8880 403 5580 1282 1599 4654 2232 2139 2770 1497 9854 3776 1300 4100 5666 3535 714 6185 2109 2434 2688 2644 
1615 7133 9447 409 9435 7849 7756 6726 8801 3578 8163 1541 2583 4595 4629 4994 2949 6968 1465 115 9812 6865 6546 6168 1369 5923 40 9974 3419 8330 8076 6068 916 3195 4585 2659 6238 3199 8438 1987 6916 3841 6350 6347 5272 9208 3132 1285 7026 8574 
345 8914 7478 3625 998 5040 639 126 8534 4592 3273 3826 9582 7605 2024 3703 2921 1837 3282 4261 3765 741 699 3717 3563 964 8353 289 7627 157 7216 3036 5993 2489 5102 1046 8501 2906 6184 2357 4661 668 2428 4841 2575 9341 5794 4285 4079 2808 
3568 224 8820 9786 4573 5355 464 511 4178 7884 5564 1919 2476 2758 3848 6575 3665 6056 7062 88 4147 6242 1282 4437 5917 4466 6579 5347 973 2437 997 4952 6060 1301 2844 6825 5313 1084 1029 9563 4920 1983 1317 1637 5800 7553 1573 2511 8428 4925 
7155 1667 4703 45 6258 2193 7512 2356 822 1685 8657 292 4383 482 4003 7043 2003 1549 4812 7871 2549 4448 5944 6365 8959 3593 6386 7418 8462 1697 5074 2172 3413 1942 4237 4978 767 5832 6944 4734 8682 2546 2292 163 1030 5525 9371 9711 9392 7320 
2858 7324 84 9859 1353 1382 6724 2976 241 6985 8809 1133 6331 3342 7393 8885 5936 5812 9294 81 8224 7761 8784 5196 5985 6231 3815 5187 108 2591 5037 2265 4355 1229 2007 558 5065 2862 2540 9730 1261 2756 5760 5111 3667 2232 7584 2459 8111 267 
9644 5269 1327 4167 5594 9490 653 5633 614 8485 8429 5534 8657 5407 3789 3240 8320 6901 5879 433 5721 249 2921 1412 7464 1838 7279 6435 2171 1840 6964 3473 160 1788 7730 475 8816 5586 5100 1825 2619 4501 2518 1104 4133 3306 3535 4421 5710 4852 
5186 6429 825 139 9361 4272 8153 1266 6104 4568 6266 9880 3816 5200 9725 5630 7652 8688 2318 7314 8798 3988 4331 7917 2063 3970 5039 3422 3863 476 5261 435 7568 8069 6564 4226 9839 7295 5374 7264 583 6272 9140 4194 2340 7083 542 5618 5583 4610 
6886 7723 8025 7630 6340 704 1028 8744 9111 5205 1846 7286 5829 5273 9113 2508 5808 3782 3193 6623 7213 992 9889 9441 6992 6064 8554 3711 893 6179 9208 5063 243 6307 6947 8438 7004 3206 3800 9374 6554 4548 5223 2605 6813 1053 1876 697 1126 9295 
6150 7488 2301 1980 1938 5764 8488 5996 6373 8769 6832 1801 7719 7897 2575 4548 4853 2282 5224 8601 9043 2520 8954 9335 6851 8819 924 604 4954 7382 2011 7698 7789 5310 8122 1507 3371 5183 3682 6479 7600 3350 7728 9799 4584 9213 5457 7602 3383 4125 
8757 5668 9698 1406 7602 1123 9166 8501 6957 8503 643 5563 4889 7913 7850 2913 1622 310 7884 1435 5097 3681 3618 1502 3492 3095 3691 8909 7392 5387 2066 1884 360 473 9129 3052 714 3457 5270 6088 1479 472 5512 2035 3112 5308 2883 7761 6910 3643 
2365 2053 9412 2982 929 3594 116 212 1523 5134 6580 1491 9 9800 8871 230 4974 7190 6201 9099 7837 8968 1600 7833 2097 6301 2500 4468 96 9188 330 9592 9662 4508 7464 1755 3926 2950 1368 9731 9436 2605 8149 1494 9754 5068 3676 9439 9150 118 
3367 4486 7439 858 511 9201 1666 9977 4717 6421 6278 9478 4303 1848 2447 8382 5330 3815 6583 4761 7095 5840 1384 1520 4157 1876 653 2291 242 8206 6768 9155 3980 8043 9763 8421 7491 8792 9764 7387 2212 6959 8882 11 9029 6926 3810 8738 7702 9424 
3536 8855 7692 11 1736 5871 815 9422 7171 5168 1806 9465 4443 9880 3968 4641 2850 2966 1276 6422 676 9422 504 3 4937 2347 3558 6951 1121 1662 1743 8062 8997 8016 6863 407 1912 7906 9576 9047 4445 351 2150 8983 7524 8889 8955 1138 9856 7662 
4997 4742 7415 5227 3126 7002 9365 5457 7484 1335 6025 9806 8767 1196 5072 4118 6085 1393 6526 895 512 7656 7182 9128 3909 901 2871 6576 1496 838 1837 5865 9560 3688 8963 2197 7767 316 9436 181 5401 3403 7819 5764 2567 3966 8987 6449 2918 6794 
4467 1903 6157 1369 2444 1889 262 6646 8843 1589 8299 3491 6646 8337 6411 7116 1348 1524 6271 2599 314 4764 3529 1000 5619 7008 5542 3503 7545 1707 8235 2180 589 9020 437 5522 724 1970 9385 6023 9769 3598 3002 8064 5578 4937 3080 6168 1020 969 
2955 9098 3966 2095 5859 4803 4503 8178 5337 3382 8213 3997 3454 1495 6793 8589 2516 1900 2094 4576 8315 6123 8710 6069 4484 5513 2274 1247 2097 2049 7018 5455 3518 2592 1339 5240 9697 6633 1058 3254 3753 6395 808 2064 533 7057 5403 7976 2943 8730 
6204 7866 7397 2412 3004 723 239 3238 2724 6403 392 7105 6035 4793 6132 7844 1873 9133 120 5600 5061 7236 9516 1781 265 3748 7513 2933 250 5573 1970 1774 8909 9093 1979 3187 8725 301 4685 2315 8039 8037 1579 3746 9038 1498 3124 525 1211 6119 
3826 6415 8882 3383 8284 3537 6640 5386 7438 4329 2209 6337 3999 2150 7330 151 1803 9574 7910 8571 7485 1348 4451 105 6440 7210 5731 9110 3748 8289 4576 3181 9749 6624 9769 3199 2638 3791 2342 9638 4978 2059 5352 7935 5908 8509 7563 8653 3302 2765 
4103 3097 6915 7076 3312 9510 5219 2798 93 512 6958 5241 5083 4711 5676 6601 4789 4761 2090 2205 2126 6574 2572 4224 2485 1832 5957 8720 6969 2999 7305 7860 2353 6922 951 3767 1095 2262 2554 9724 6526 5748 3095 7470 5424 2512 7164 2324 6974 7168 
5850 2111 6950 9216 431 4527 690 6055 2106 1555 6343 2851 9639 8942 6443 2429 36 9364 2164 7312 2541 8952 2023 9746 509 4743 8953 252 5854 2602 861 2229 55 8833 9043 6911 394 2273 3012 8575 2014 7769 1600 6971 4991 4006 8895 1940 6000 1027 
4919 5486 3676 2589 8454 146 3394 8810 8606 1781 3932 6302 9720 3862 2228 1368 4064 1959 6526 9600 4006 6699 7495 2884 2691 5984 3043 1106 962 4340 375 7903 1194 5015 6681 30 283 5606 8416 645 7977 2818 4124 669 2792 8696 7905 3472 7248 5753 
1751 8706 6957 8756 7293 550 1316 701 2336 1131 8174 5086 6071 7273 715 8770 1137 1817 2393 8586 9167 4888 7470 6490 2469 3004 3587 7155 5692 9804 1727 2643 9532 7390 6660 8559 9850 9174 4895 2108 9179 570 2029 2343 1249 9488 7244 4264 4390 3007 
3944 2567 8938 8175 8151 6105 1091 6214 7124 687 4981 7013 5749 1614 3876 6283 6643 3718 4993 3616 2598 291 427 8743 2755 5298 988 265 7975 9183 9877 2577 5604 9282 9635 9125 3435 4067 4342 3263 4388 1764 6547 3734 7143 3518 4875 4389 6397 5632 
561 7945 7627 5516 1786 5033 4859 9708 8987 74 9684 3090 1576 1246 4004 4263 1176 4493 1859 2963 975 2720 2325 3883 2553 2277 4400 9389 389 8004 2464 3961 237 5451 1082 9917 3966 4422 6043 6811 6957 8605 4265 2949 1230 882 4509 1290 4862 1332 
9848 15 4738 1525 7701 1564 5942 1398 8358 2132 4365 6251 7348 6611 173 5870 9175 3037 3759 7496 1054 4409 2451 1996 4273 5909 9444 8951 6762 7940 6155 4828 640 9855 2696 1139 476 352 2732 155 4980 2054 8520 6629 9516 5287 6220 5382 476 4598 
4043 7673 7832 5787 3803 2826 1845 8216 7365 7443 6369 48 5755 4927 901 8987 2454 8622 6572 4043 4180 195 2575 9647 657 9468 4486 5489 2845 7698 1440 6194 9922 8430 5826 8027 2425 8437 1465 3525 6677 9487 445 4463 5748 794 4106 6863 475 2182 
1732 3003 8473 696 4573 7273 6347 2388 965 8198 2526 1891 3645 4052 5359 8848 8758 6463 7734 9843 5509 2898 2383 5504 4834 4611 7919 2493 7167 9259 2677 1772 2119 306 7953 53 5068 1928 20 6923 9169 8190 9125 7333 8248 4585 7627 3608 777 2994 
540 1735 4245 7581 24 7057 4120 3850 8211 7622 1028 7677 2147 1261 8174 8362 4661 336 4959 791 1103 6354 820 1266 665 4303 7070 6069 1774 7453 8615 7773 1345 1875 7520 5144 1228 232 7164 421 2264 7451 2839 5486 6974 1807 9073 7838 4795 2829 
3040 2908 650 5109 9143 1480 404 5065 1506 4192 8927 728 6662 6436 4811 7842 300 8880 2621 2254 6018 9732 2646 2469 6558 7921 3017 171 5500 4881 7022 3579 5992 4734 9174 7672 561 9449 218 8330 844 2052 761 3838 3581 1183 5300 3064 2671 1180 
9685 412 7010 6532 1623 2380 4035 3171 4990 5944 4098 4975 1396 2307 7307 136 8816 6906 8539 1280 4452 4799 9495 156 6717 5561 9541 8009 6870 6326 2613 1840 1218 7596 5206 3818 78 564 6695 1288 8148 8779 3020 9085 7668 2406 3909 7615 9483 2958 
9739 9636 4381 6071 4219 8105 7866 4738 677 5624 7737 1174 454 8069 8242 1214 1634 8384 9675 5160 9402 6968 1065 9474 1924 1975 2519 2029 2302 3088 9943 1581 2330 7127 5433 1282 9663 8457 7506 3038 7398 9300 275 368 1641 1717 6181 8131 7141 2510 
2380 3523 6594 5085 77 6113 9202 6657 2326 8548 6878 4333 1190 1357 5981 1241 5508 3236 59 2862 563 504 3310 5335 6552 3118 3973 4810 5457 1420 7454 7806 3713 3913 5060 5152 7611 2385 9211 9941 7625 3009 8841 9313 302 9242 1874 2175 6663 3960 
7524 8694 6961 7241 1835 8279 1112 5077 3140 8472 2575 838 893 5827 7809 9346 9480 1320 6635 7581 587 6890 5879 8443 5596 7858 3213 9483 7149 1151 2339 1922 2072 2426 2712 3414 4046 3707 9879 3887 7180 1239 9042 3430 1736 7464 5729 6518 2427 2378 
6200 5509 7923 6362 4249 4330 1356 2748 858 1928 7687 3187 6760 7581 522 2393 4364 7559 837 989 2940 864 9253 4595 5222 1848 7458 1861 5464 9650 3280 7299 359 6666 2869 5468 4053 2138 5456 5860 4712 6483 870 1553 7225 7841 3125 2657 9013 1047 
3520 518 5616 4854 410 9122 4787 6027 5354 6415 246 8326 2080 6920 9245 3293 7489 2342 6309 7007 7892 6481 5109 6974 8359 3315 6271 6050 6942 9147 9837 8076 3231 942 7390 2837 1280 42 6414 2596 5908 7859 6374 2434 3990 2260 6310 1550 8131 8914 
6190 3298 5470 4080 7379 6200 2237 6562 593 319 9696 2432 557 2910 1525 9160 1899 6550 383 5526 405 4382 8343 2869 939 9989 3751 663 8316 9340 9872 2597 1341 126 5654 7219 8482 3648 1633 4867 9354 9657 1460 7714 2663 8179 7005 1411 2478 4178 
8589 74 9289 3673 8927 227 2410 9313 3994 738 9795 5714 9300 140 3560 1970 5490 4645 4832 3322 1644 1139 337 5067 4653 383 2045 9351 1469 6641 9391 350 7433 6675 7225 7276 4352 5882 3417 4086 5245 4650 8597 2554 1734 3774 8804 9153 2685 9739 
17 7601 1641 996 3787 9535 9588 7689 1279 1952 3759 366 9832 4455 5253 1878 598 7599 1128 668 1828 8289 4833 4741 5879 7342 8456 3983 5501 1819 4526 6069 4304 6151 1416 6625 6883 6954 1701 7070 4565 7109 5914 3581 691 6784 1054 5178 7420 9881 
3415 896 1358 4038 753 767 6116 2081 7803 589 6234 5949 3418 3520 2366 2557 583 8465 3729 3203 1544 599 6650 8781 1478 6620 242 9618 643 714 3476 2194 5193 8359 3729 978 3347 1577 7094 9915 1299 3353 514 2892 2431 478 6641 2146 4718 7980 
5356 8921 9249 9442 5592 9303 2728 2529 2004 4456 8807 30 5090 5438 3636 4191 2054 9654 851 4516 1601 6824 1973 1375 4778 8753 1441 8879 7341 1395 8133 428 9724 108 2842 3266 7217 2753 6220 918 5336 2009 8827 3769 4673 1662 2965 7777 9140 5377 
3847 481 1276 1616 4364 4776 7937 8854 987 6385 6304 9607 3874 9319 1723 293 5464 5288 3441 2670 4473 6878 383 3896 7415 8297 5178 4658 594 6753 1955 7127 5271 3324 1078 3159 1745 9162 7513 9422 8413 9752 369 6152 6493 6419 3165 2225 8153 4447 
9488 8795 1513 9298 5902 2036 6407 9075 99 9366 2671 9783 7162 3105 5946 1533 959 5926 6121 3934 6270 6984 7274 5919 6914 5996 9279 2831 5565 2324 8752 1554 8358 7559 7329 864 7579 9249 9984 1747 6242 3555 9622 2094 1126 3495 1819 5464 6960 2761 
1009 9513 8358 3428 5154 6460 4946 4168 7023 2364 4595 9001 8538 9281 9131 2680 3415 9735 799 7578 7452 1049 3731 2283 609 4397 1594 4932 8412 5654 1206 1027 8653 121 7624 943 3075 362 5701 6841 3256 2628 5623 4340 2824 3258 8660 3477 5545 7877 
7873 8277 464 4673 3227 4526 6297 1197 3244 7722 1913 50 3590 6461 7268 5457 4847 5395 8864 5706 9269 7478 240 5026 8175 5185 5897 3750 2655 2105 2684 1043 813 9048 1335 7719 1478 3775 7776 2480 8764 6931 3629 1238 7322 402 2114 9019 7727 6323 
8241 6299 3514 2373 8971 6442 1478 2054 543 120 1821 776 5301 7697 3016 9581 1959 1614 232 9126 8725 7572 1145 6844 4444 898 6152 4249 1643 2556 899 8025 4819 5041 2380 6192 4728 7557 8910 4681 1289 7451 2954 2845 5375 8417 7575 8783 2124 734 
91 5276 3245 1281 6930 2647 365 9205 7143 2233 8585 7154 1462 1246 1785 5015 7584 893 5977 2847 9096 2018 1160 9926 6157 8959 3618 3717 59 6464 1192 9636 9428 9754 6940 2206 1278 4285 8059 9891 674 1414 4406 3840 2362 3175 221 3941 6929 6804 
8235 2267 6501 5006 6613 9138 2081 5368 2248 3447 1873 9964 6419 6434 9933 150 9696 7203 3505 922 1003 2408 7661 1 6534 207 1783 5760 3557 1408 8759 7088 212 6798 833 8259 9226 6856 9142 8379 9446 5712 2439 301 5724 4964 9376 5195 7361 1380 
8165 2623 6106 5305 2339 7945 3905 7642 4840 1855 5886 7184 4731 4967 4891 6761 3182 2838 2928 1180 7388 2677 4901 4101 5335 4931 1063 926 3300 8142 1746 1953 1203 6985 7084 4539 2252 9117 2502 245 3575 3528 5339 8448 4272 9262 1226 2414 2655 7332 
9537 8698 1865 5772 7035 1535 8294 6077 2279 206 561 616 1710 3307 8256 5280 2775 9022 2718 1904 3187 1450 4183 381 3477 4246 5667 4403 2441 3351 8655 5695 7679 2329 3701 2470 5778 9193 5979 9634 2655 7781 555 7073 4847 1935 4666 7995 5449 1220 
5137 5836 2184 178 2563 7371 6984 3806 4970 7644 4957 7422 4144 4949 6642 5169 1798 1487 2565 3734 5519 713 6733 1585 8766 2032 1947 4269 4386 4836 1414 9318 4225 507 597 6367 1539 9764 9351 5448 1549 3535 9470 7957 695 7480 3609 2184 1142 6061 
2023 1153 8204 3642 2493 1416 1221 1151 8071 1624 9381 9182 7637 3372 5237 8338 4891 6530 861 953 4732 451 8085 7764 5415 7625 4039 3205 2566 1289 7259 5030 3056 2929 9478 9194 264 1712 1712 7381 7021 2480 234 1943 6212 848 1201 4586 9182 9882 
7210 9091 2400 4724 7802 3315 3727 4576 7919 5714 934 9497 8991 5608 6077 4336 7257 135 5493 7090 5662 9276 6872 4655 2762 2161 8804 3847 3999 107 9092 4984 4195 8779 1206 6052 4465 4311 4080 3525 4693 7813 171 4003 5722 9524 4688 1671 3611 8440 
5978 6809 723 2678 8895 6993 8632 9178 4975 1884 3287 8589 4520 5871 5119 3833 3437 2395 696 2167 2111 1900 6417 1529 2397 3867 147 9654 9541 3942 310 4223 181 1992 3401 116 3093 1048 4751 7702 2176 1880 4802 6552 1327 7606 7447 56 5415 3581 
1342 1128 4962 3693 9303 871 395 1102 8274 8933 4481 5037 510 667 597 6715 745 3092 9290 480 7720 9965 7435 7082 2054 6119 9653 6277 8340 1386 9667 2393 2883 3813 4054 3922 4806 757 985 6817 6657 3128 402 1556 2607 9087 5927 6922 7573 9800 
4960 1662 5532 1880 2906 2007 7408 6699 62 4537 6346 9289 9984 708 2335 2902 6769 5859 223 8089 8875 9532 2390 6378 8615 8349 3612 2790 4454 425 7563 7406 4624 4763 3103 4113 1399 4718 5458 8850 5703 7748 5252 1680 9136 7811 8946 3905 6456 6568 
3633 8989 6670 7946 5878 114 258 9606 5777 4295 6804 756 4931 2537 1542 976 7821 8237 9763 3464 9652 416 4608 7842 232 5686 1154 402 9133 7935 6282 1368 6189 8794 2092 9855 3615 8594 4112 2227 5512 2570 4271 7776 1665 792 2161 5286 1231 7812 
1055 3903 6755 387 172 5001 8928 2114 6275 2585 1541 8937 7064 9372 7056 9286 2441 3236 9860 7226 1554 9677 3381 8569 4953 4295 8609 8915 5524 8164 6260 2846 5132 9101 4070 2270 664 3204 373 6524 1546 7561 8127 916 9439 7949 4014 1468 139 704 
2193 8704 7150 3678 2420 4152 384 7763 4379 6487 8320 1103 6624 8102 2522 8453 6672 5175 4177 1911 3291 5385 1902 4260 4164 9020 4465 5488 2853 2783 1040 5054 1501 1324 1432 9741 4276 5935 8902 4727 8130 8685 1519 2162 9105 9251 7781 9842 8493 6586 
4767 7147 6110 2694 171 701 1008 2917 3021 4175 5208 5438 2265 952 1985 3442 4750 8865 1385 2526 6740 7454 5105 5207 7592 7654 5732 3948 4448 254 1237 4047 7994 423 8643 6123 3217 5087 7783 3419 9175 1680 5183 2540 7139 4927 78 1791 5106 8611 
9250 7888 793 7311 3859 9665 4981 2145 5458 6295 94 1308 2688 704 8157 2582 3172 9788 4111 4717 6933 1397 8506 5005 6581 9185 8566 6462 2151 3159 321 2025 1389 9064 9218 5844 717 2963 3627 6765 1393 2384 2953 4807 8405 4220 5514 9952 8905 9797 
8269 9842 8667 7784 2553 6641 4591 6917 4570 9678 1260 2713 1407 1488 9932 3995 9153 9236 5318 1604 4981 5359 6345 1979 838 7190 7259 1719 4603 4346 6440 5928 7917 2581 4825 1886 7134 7326 4101 9266 8293 567 6548 7362 3654 9320 2255 7070 1769 5540 
615 2153 9228 8335 53 9605 9454 9539 4205 6526 1468 9678 1612 5493 8716 2461 2243 5840 9572 1596 2468 6207 5231 8064 6014 3476 8318 7183 4340 7437 8897 5761 5643 2321 9746 9897 3638 690 2398 342 1969 8656 2573 2579 1642 3934 8673 9190 1072 1844 
385 553 2892 6933 8768 212 2653 6400 930 7758 190 5146 4725 2768 1669 4333 2503 6961 6235 2649 7300 2725 3820 5413 6973 6243 3452 4223 919 8804 4777 468 4364 8009 9358 7084 7411 5224 5548 5395 7441 6440 6873 7780 1325 4073 1585 1563 8346 5778 
2822 4885 771 4454 4653 6928 4148 9347 890 7467 8159 3060 136 2343 2268 1573 8922 1515 9243 3187 1552 9781 6396 7959 2247 3824 7578 7364 3282 1901 714 8083 6389 479 681 3476 1592 1711 5078 4366 1960 5073 3766 38 1696 3703 1902 9875 6652 1525 
5782 4367 3602 6169 6761 5301 5549 3750 3033 2203 3508 7151 9007 6635 1312 1724 1111 9606 7845 2787 2254 4792 9909 6579 3458 6314 2862 8070 1492 2573 1774 5948 2583 898 7948 5084 9005 2473 177 7248 5124 8325 9553 3640 3051 7986 3350 132 2944 2839 
7163 9868 4127 5148 3826 3513 846 9250 4810 2884 6314 346 4895 1748 8631 7863 8612 1570 2337 1737 1996 4912 866 4567 6478 8833 8028 6944 9048 6433 2187 5035 9380 1643 6201 979 813 2161 6348 4697 9256 100 7608 7668 4642 5104 5266 9445 2929 1815 
3008 1921 1031 7636 9622 5487 2656 4720 6777 2110 796 7802 5508 5468 2104 3487 4397 8852 9356 6941 3818 378 4004 7276 5348 1728 1020 6957 3402 7237 1547 9297 7694 7333 7002 7219 1422 1969 5317 7201 3637 339 6219 631 6382 819 9022 2522 1688 3590 
2100 4262 6685 5878 166 347 1014 1819 5423 4693 7387 7465 1198 325 7351 6080 1019 4677 1411 5075 6689 3926 9998 2280 1563 527 8949 9637 1598 7013 9777 6579 6927 5287 6272 968 1087 9761 362 7174 7257 9371 8379 9314 3614 5122 8893 4518 9427 240 
8771 3281 5089 6459 445 6837 5538 2316 2467 652 7375 5290 794 1920 5880 2087 3478 2826 7280 9885 6800 6367 7314 4041 5427 8289 6613 2891 6288 5572 2734 586 1666 9697 6598 3655 5521 3937 3786 7269 3001 4460 4444 1281 2228 277 2386 3177 2639 499 
1487 9604 6329 3450 540 967 5468 2849 8553 3974 6691 4876 2828 7153 5058 2077 3388 9969 8364 7302 1646 5876 52 4612 4204 8974 9217 6109 5111 7372 9351 3212 9760 6174 5365 6272 9896 8859 2249 6091 3878 4321 5995 175 6842 2281 6265 2808 8168 2691 
6991 6137 3072 5068 2697 3752 8599 735 1182 9360 6880 8852 8192 9289 1470 6914 7379 3706 1414 8418 5723 2981 2031 9937 7143 6378 6064 299 6037 3 9736 4709 9238 8982 30 6539 677 4707 115 8985 3499 996 7446 9323 544 6 6524 7514 9031 5649 
1909 4018 7106 8662 1310 6893 6268 510 8709 7521 1931 2556 1886 8974 1675 4320 3100 115 541 9399 7319 8979 8599 5777 717 1399 2907 8503 3691 957 8487 252 4039 9246 1048 2921 556 2400 1009 7839 9921 8399 9393 5087 7269 1269 1292 2739 5331 5922 
6726 5474 2097 1575 2104 6718 5841 5219 9677 8105 6735 8594 8192 6686 2933 2456 7319 2949 1924 959 512 9124 1773 4911 6224 9624 6309 5747 446 7540 3932 2219 8794 9672 1331 7688 1142 630 585 1829 7600 1232 2734 1842 6554 694 3419 126 5270 7808 
2567 2673 9886 1687 6033 8252 884 7291 2740 3855 6367 8590 5808 2025 4197 6148 759 9383 1574 5345 2408 1492 5766 6025 2081 487 7944 6268 1709 3499 2140 6740 8494 3251 8520 6642 8627 7750 8639 6622 6381 8179 3339 1239 2020 4803 9962 6459 9432 3238 
3541 4179 1247 3686 1160 4181 5709 1606 3783 114 3714 3032 292 3626 9029 8458 8991 5048 2412 3037 2651 9102 2053 8600 7148 7400 559 6462 8243 6808 8633 1436 3147 9784 8416 2650 8659 3120 3410 650 8681 3813 7817 8401 4434 6984 1267 6893 930 70 
2710 7415 6739 2544 3431 7825 6775 4471 1884 7673 1851 802 1268 7302 2459 7527 2165 754 9946 4899 9970 358 4302 1662 8241 185 4399 2743 8383 2756 9924 353 6232 636 8764 7709 1960 6939 5477 6415 613 8 7634 3919 3556 3142 593 9334 436 7898 
4598 3445 726 4614 2727 6207 7226 3719 7909 1470 1330 5850 304 2797 6614 1666 17 7228 2402 7084 5245 2677 5517 7025 8648 1816 3948 715 2627 5392 8102 4888 2850 92 2631 4592 3087 9333 5620 788 5037 1141 7137 6037 7898 6412 9966 8687 1367 1142 
56 5005 6807 9268 7840 1504 1982 7559 2519 756 2377 6905 6963 4516 1748 3585 4875 9838 3248 8407 2289 7933 8203 4372 3385 6012 7278 7375 3779 1874 8805 6898 1852 4738 2398 7682 211 2666 932 3314 7115 691 7934 1648 5748 8789 3456 79 5500 9961 
7038 1821 9166 7059 7720 1188 959 4073 4515 1200 788 2300 3443 3816 1404 4233 2982 3208 7727 8951 2827 1424 1669 9688 584 7333 113 6164 805 4824 320 7397 9794 8988 6202 371 6251 6252 1292 1346 4419 1654 9568 5801 7055 4163 9496 5958 1037 2157 
2416 8017 8433 4413 2340 8064 5886 1013 2639 4313 8969 8795 4004 189 8358 3120 270 976 7121 1639 6356 1791 7760 3529 3940 4656 5450 6534 6370 756 2228 1867 4917 3966 2552 1133 2457 3422 5366 7988 8380 123 9935 9290 3450 9205 8306 8450 6861 9513 
463 4058 6981 4971 2361 2640 1878 364 7872 2475 3893 6756 6498 7927 6654 2888 6188 6155 4807 7281 7598 7360 8233 2472 1893 6561 4411 925 1179 1924 6705 1985 4299 4860 8996 508 9232 1369 3826 8093 3144 942 1704 6007 8070 2494 7665 7320 7154 380 
