131 136
1578 3708 1108 5596 2609 2725 5955 9107 5564 2595 4691 1918 1774 2807 4314 3624 3668 9266 8843 7778 7977 9986 2756 5073 4358 434 4916 6243 3928 428 3315 9174 3348 8179 7295 9579 4971 82 2148 8664 3243 4999 2633 2061 3924 4065 5389 5149 4148 764 1232 5793 1438 5070 3314 6122 4281 3179 5072 7857 1790 2016 7154 6090 2145 7402 6792 9863 4219 2798 1454 1792 275 1924 2045 1608 8592 2217 7990 427 8976 5771 3904 7733 7706 4607 7415 4151 5493 5959 4496 2348 9457 8271 3048 960 4252 1802 6516 6649 3480 9677 9023 6289 5910 2725 8598 653 1514 7163 8429 1489 6877 5226 5016 95 8859 6106 5179 2533 7157 6712 8165 3578 2455 6962 5890 3918 9148 5597 7546 3815 1005 2478 4407 5559 
9220 7780 7662 2367 1857 7306 9100 2114 8080 8316 4109 2447 3779 4488 7270 4701 7167 2716 9071 7395 9738 8803 5576 700 7815 8488 3429 2767 4621 2053 4924 293 6925 180 8762 2508 7282 7367 7399 7225 9863 8027 5966 6949 4781 2081 437 1375 2155 3957 8817 8868 4304 841 2544 2646 2743 6743 9097 273 2819 6665 1206 5097 5567 2352 1124 2678 4431 5022 2347 1807 7157 1138 1212 6063 6530 5853 9194 9964 3028 6988 1478 3966 5348 3066 543 8382 7926 9341 1954 6173 6440 1987 1658 6326 7648 4975 900 4300 6746 7044 7964 902 4708 7138 5713 5924 3272 7411 1378 9624 3886 2159 2512 6188 6106 7344 2179 4913 553 7367 6328 2899 8672 1101 3539 1479 1638 2525 8399 1868 2795 3155 1587 3470 
3229 7628 2264 9113 2682 5770 5360 5111 338 9758 2622 5480 476 5717 2288 2069 2089 1850 5165 5953 3369 1727 1880 885 3052 2188 6400 779 1806 4948 6634 218 2167 4145 5043 201 6474 7355 5598 2329 5036 2182 3893 2693 7473 9323 4559 2516 2733 380 2194 1743 3960 683 5025 2164 600 7716 1840 1190 2585 1422 1525 225 9702 7565 701 2972 2567 3233 4323 1697 8287 7310 8111 8976 5697 2256 3225 8977 1421 4345 6984 3121 8995 6051 4631 4078 38 9428 8580 1390 9061 3447 6305 8174 8297 4246 2815 4889 2916 1874 2619 2009 7445 4045 1218 6385 7175 473 5832 2552 1365 617 1579 7697 2149 3925 2897 5452 4774 4811 7414 4427 7510 4842 3248 8807 6372 4341 1890 5399 2908 851 6571 2119 
8597 2313 8852 3420 746 7341 4924 7168 6197 9859 2173 6759 2210 1664 5336 5171 808 6233 6058 8109 4872 8523 6256 2471 3857 9026 2587 398 4740 6226 8348 6483 6569 8608 3584 3338 366 870 7447 6816 9373 8219 7436 811 5863 2953 8002 3262 4558 8769 4703 5605 436 7589 1460 2339 6644 7733 9267 540 4040 4847 7890 2390 4917 2136 4909 5845 656 9244 2571 3859 7537 3953 194 2341 9370 1658 3035 9815 9493 1296 2152 7614 3067 2547 9384 4421 7674 916 3219 1839 3244 4827 6764 2729 1478 3122 2022 7092 3042 2522 5553 7948 8841 5254 7423 289 6885 3510 7573 2209 2274 936 2448 8508 5069 2998 18 327 312 5593 5428 3382 2682 7832 5995 451 51 3905 2731 2448 2388 2624 2192 9881 
2944 6885 8578 4493 2139 7195 383 8963 3839 8610 1021 7422 8319 1499 4970 8953 7736 4268 5497 2391 573 5709 1005 4108 3170 3989 5630 9265 360 7195 4370 4974 5466 1860 4494 7866 2296 495 2457 1436 3860 6266 228 4390 7047 2471 3626 7576 3553 469 1039 8072 1942 486 2215 5086 4876 2218 5154 3035 6518 5749 1743 2455 6306 9759 1249 8684 1330 1369 6418 1039 7974 4101 7668 1438 6144 519 5909 1841 5642 1514 1052 1622 5251 6059 591 7598 7943 2915 5437 2315 8315 9667 48 531 1328 105 762 2751 1105 2418 2658 4789 3325 6107 6783 2576 79 9340 601 9139 620 2981 4235 5140 5768 962 8722 8692 6654 9743 314 3800 9 509 23 9638 5129 7294 5737 6773 1377 882 9338 2535 
4102 4532 9026 2722 3985 2818 1481 8010 6606 4238 670 5485 9422 3908 1431 1019 4025 6305 3315 3399 2064 4475 4034 3645 6582 5669 7494 2219 8708 1409 3479 6955 2149 5416 1695 8778 9800 5012 1187 9822 7689 2908 2912 5961 4496 5481 6846 7284 1807 5538 6587 1780 3436 5173 2217 8650 529 6134 1506 4229 325 514 2641 3561 6353 5826 99 6865 129 6308 7353 8776 2230 410 3211 6318 4387 901 4731 1346 486 1406 4748 7745 4831 854 5249 6956 3312 7849 1262 9933 8572 437 4926 6236 4341 1080 933 2322 9920 46 3702 1904 4555 3643 5206 5523 7617 1112 4301 1574 4824 583 2112 398 990 4401 7123 323 11 997 6089 2908 5376 2512 1752 3383 2472 4749 589 6930 9248 1429 7265 9067 
498 6073 9461 7303 5057 612 6401 1943 5550 6309 4379 9742 7314 6111 7914 9487 9982 6784 562 8715 3323 9942 617 7320 8610 2515 6847 1691 3305 8616 2848 5734 1853 2191 1784 744 2697 6849 9645 2029 2126 8392 9720 5003 6017 6462 2698 9102 235 214 635 1053 7349 1655 1252 7653 3817 7224 2728 6820 2402 6090 6881 7427 239 1970 3823 8005 4419 1914 5962 7013 5519 3805 465 4619 9969 2256 2635 1109 365 4541 7506 6686 1969 2898 2242 4050 1739 3836 5408 8981 6431 1286 5255 8048 4919 9174 2469 9380 9225 5302 7822 2135 976 4405 3094 6247 9937 3245 2197 8592 5934 6817 8218 518 7903 4647 8254 7323 905 17 6219 4054 8718 3505 2713 8783 9438 4142 1541 7150 2927 8380 3779 2693 
1390 4756 2106 3990 722 3823 9173 6386 8467 6802 7823 9436 9906 4200 6189 8343 6891 2773 6195 9906 2167 2230 84 1968 1618 7143 6240 2810 4767 9923 161 2361 2250 3220 5066 3939 3328 5791 6348 468 998 6367 2760 6775 627 1808 4571 816 9552 9048 6067 2537 2029 6039 3197 1679 2470 561 7014 4304 3568 8886 9374 7643 2233 6409 329 8628 5568 2820 8136 2417 5289 2863 6395 7858 7830 2362 6922 1274 9162 7898 7950 1019 4219 9236 3965 1457 1742 9487 2921 8791 6043 6092 1604 649 8753 7504 9316 4270 5920 5988 1179 1103 158 1895 1794 1682 7179 2617 2854 4625 276 1087 6431 2558 4232 5220 2072 3814 9002 41 8261 2648 4026 7003 3113 771 731 2398 4236 7377 9664 3784 6515 997 
2067 2862 8948 9229 1138 6739 5288 298 8948 6943 253 3574 5453 2027 8828 2408 4241 445 8720 1469 8930 7262 710 5780 1364 3545 5908 9821 2748 2106 4644 9402 75 1732 2010 706 8378 9077 7687 8861 7204 2052 7857 2479 6388 7872 7775 959 6181 3323 9682 7292 59 7149 7287 3507 4269 7198 4853 8237 9007 8721 7688 1995 8113 1639 7596 2757 1609 8617 1289 948 5800 1250 1843 6897 5121 5616 8536 8786 596 3406 3461 8603 1836 8813 7965 156 7344 2322 8518 8473 6315 8803 5544 1741 5481 597 3713 8476 1428 3440 6182 2790 2541 5940 1735 8132 398 2751 1276 8043 9220 3679 9294 8646 6577 4584 9491 9216 2761 4444 4052 5595 5980 4940 1418 7206 9124 2103 8063 2946 3555 7350 3002 682 
8426 5778 2301 6701 3316 6952 5017 3713 2526 922 3351 1569 3408 1428 9156 2558 3113 120 9985 5574 1657 1581 6290 2564 268 5134 8051 464 1601 3252 150 9290 3188 1445 1381 5109 91 4994 3781 3610 9718 1852 8725 9048 2112 3722 2020 4876 8045 4155 7319 4681 9351 8904 2767 9270 1640 779 2464 6231 1527 4224 7659 573 837 1873 4825 5081 9288 3826 4902 3924 1511 840 8213 896 4825 484 1998 928 5934 2380 1214 4548 2962 7867 1226 9932 1937 62 5331 5752 8871 5219 7787 7629 1347 5332 5414 9242 4596 7812 9029 8130 2892 9424 5993 1680 1575 8138 5236 1075 8351 7192 9296 7109 1505 694 7042 7213 4128 3348 9294 2662 2608 8594 8879 5309 1740 33 7311 4979 362 3183 124 2539 
9271 2940 1487 7958 1966 4978 2277 8507 6685 928 7811 5202 6349 3162 9991 3837 4378 6482 9470 5356 1287 6890 2592 5145 3919 752 4380 8893 4972 6348 2689 4603 340 6056 8269 1650 724 6706 8662 2020 2748 8032 5470 3652 3981 6773 2078 902 5899 9106 7897 5902 5807 1744 1124 5962 7917 3290 183 1263 3016 5585 4540 6295 7288 3385 1306 518 3236 1977 3249 3237 5398 8433 685 3730 6009 2124 4159 2336 5096 1886 3546 8358 506 4972 9988 6645 5878 7242 5210 7124 8662 6581 1267 730 48 6102 8028 2141 7241 2999 5435 3844 9461 3081 481 3153 6391 9992 4865 2131 2650 3737 9540 3229 6521 5801 5240 4450 5306 4916 1337 9644 5658 2435 84 5542 4510 6410 5567 9946 7284 7703 7931 1129 
8494 6721 9897 7168 9747 3024 8910 9878 5207 146 8705 232 117 2555 9017 9467 1356 7955 138 2295 8411 8110 432 2282 846 7534 2441 5490 4115 5890 9534 753 4791 9584 2587 6385 7504 4045 8781 772 920 6534 794 1077 8216 6507 1232 1846 3458 3484 8426 9448 9225 1524 612 9786 7958 8180 6865 9547 8061 7539 6810 124 7693 8462 1900 1712 1754 521 3047 66 2217 3208 2484 5603 7322 802 5105 107 2553 2426 1635 7468 4435 2460 9463 9728 718 6394 6753 2109 1800 8954 9638 566 9735 8405 888 2192 9704 1782 819 8617 1949 409 155 6723 6287 5989 7174 5606 5540 6724 9348 9159 6583 5340 3600 9379 1042 2930 4178 5152 5900 4936 8441 3464 2186 5482 9527 4396 8146 113 4523 7345 
14 7718 4341 2713 4627 33 7289 6986 3600 6578 9164 3777 2248 9226 8487 8843 1266 653 8137 7104 3281 3836 6955 5803 593 9562 6411 1345 1760 6895 4355 5538 5047 7428 2507 3833 6975 5532 3072 4035 3874 3209 69 5331 4211 6131 7364 1056 3551 9593 4559 64 4752 2503 4999 1860 9235 3222 916 6957 345 6459 9367 2548 8873 8395 1813 7876 4774 9725 8226 3829 5013 4406 2430 1511 9293 7164 6783 4553 476 9123 1839 3660 6244 1337 164 1513 5589 1147 1030 2688 8824 2236 6381 3329 369 7731 3578 5225 131 7262 9772 1819 1628 668 7399 9218 4975 845 9378 708 1667 9635 6987 8426 495 6463 3354 5784 9718 735 1671 891 1697 7831 5534 2893 7142 6341 8818 9334 269 7428 9727 6286 
5381 1832 1975 1804 3859 5871 18 8174 7174 9777 2257 4113 6445 3103 6015 214 6566 3178 228 4223 4125 1497 7504 1858 2767 3385 2708 4563 7536 6921 1737 2802 1125 445 79 7375 8125 2812 7960 9528 9638 9220 8514 2458 7075 9427 2907 5946 898 692 5472 7930 6392 8887 9052 6441 5094 1816 2890 1715 3856 7075 1674 8081 2448 8392 3648 4944 7846 6871 4700 1862 9349 1430 4638 1645 8797 2707 4874 9726 6209 9288 8647 335 5587 300 4714 2922 5168 71 1166 6353 9044 9407 9811 6130 9986 271 3232 8283 986 666 583 640 3646 8125 8121 9075 4831 7618 7759 1131 1964 7689 2382 5115 2236 7897 7877 409 3850 3151 3491 488 8037 1758 8649 2096 344 4469 3537 4838 2313 6990 6497 4160 
8600 2050 6155 8594 1829 6251 6262 7026 9129 3955 1775 6254 9209 6796 4161 6387 9652 4314 5522 9802 894 463 4001 8417 3310 5945 7282 4043 34 7738 1105 3549 6251 6971 2859 3266 482 874 82 966 7409 4398 6080 5867 8960 6749 8037 5629 911 7836 5383 4739 2789 5411 537 366 1271 5140 3031 1776 1931 7754 1920 2768 142 452 2051 8142 7682 81 545 5477 8011 3583 4253 3597 4603 9378 7293 1281 1920 1795 7044 2188 1251 2215 5153 8810 7031 744 7356 363 908 8206 1458 1377 5321 5536 1707 1948 7133 8188 3976 4234 881 9870 9401 2764 4372 3714 258 9319 168 9745 2487 5481 6155 8354 6375 229 2132 8014 2677 4117 4988 8758 3862 6228 5574 1835 9499 2627 7656 5840 16 6512 
4697 2647 1566 3133 6079 8968 260 3013 8506 9039 7846 7172 813 5947 500 1154 5160 465 6649 3799 87 2629 5502 8087 3419 4442 4488 109 5964 9401 4385 1649 9642 2321 3254 9229 5431 6221 7796 9541 1895 825 648 1799 2568 4522 4363 951 7898 5400 1091 2154 8926 5987 1605 9469 2883 5014 973 8000 3893 1562 7810 6266 4640 4782 8357 6479 3251 1189 53 607 5110 4501 884 4805 2203 1016 8116 133 6406 5610 287 8375 4893 2413 7939 4032 3953 3465 7411 1895 2853 736 7096 3678 115 5260 471 5071 2714 6998 8608 3511 4439 492 5473 9163 2845 7005 7996 8184 2704 7678 4363 2561 6492 7350 815 1036 897 731 6417 3831 4920 1661 5137 1715 2455 7236 2885 8864 2115 6960 48 1161 
6585 7473 1038 1522 9973 8705 8008 4051 320 1983 1463 7878 7350 888 9857 1488 6714 8770 301 5064 4519 4800 2595 1036 6786 2444 7503 3711 411 3476 4265 2062 5304 691 2810 2202 1417 9739 5472 8423 1519 7156 1112 2857 7899 3289 8002 3083 373 7798 8303 3298 5652 6939 675 7906 8053 870 4246 1905 597 9133 4467 9241 3085 869 4037 1828 8435 1143 1021 367 7297 2854 2533 788 4780 9458 8730 805 2341 1823 6592 993 8526 7818 9438 6962 6079 4611 1645 7728 9098 1154 4406 9639 1152 2527 6578 6384 9100 3044 5830 1777 5704 6985 9109 4176 1436 1712 6062 9696 7368 8646 1035 1513 4616 1815 1175 7360 3278 8474 3471 6370 4694 4173 6688 4717 9463 1211 1993 2158 9370 1298 4388 7381 
2434 4025 9463 1974 6433 1459 105 5947 3396 1555 1652 212 1597 2401 2571 9398 5255 5518 2114 547 5738 7461 3375 7077 6713 3488 4310 3567 328 853 1726 4739 3003 3931 8061 9578 9001 3061 4275 3034 2642 7629 2626 1657 3954 1545 9771 668 9124 5369 9658 3878 4019 2158 3701 6612 5873 6952 3403 9789 2631 6840 6185 9783 8893 3227 1838 1605 5175 8291 6994 38 3288 2204 6146 4093 6834 4769 550 4358 7962 8676 663 1973 906 5126 6355 1591 5878 221 9926 9220 3145 6258 2197 5734 7548 3917 199 7426 1655 8018 5537 1639 5021 7177 250 3295 2194 548 3219 2035 1894 4344 3837 9656 2884 2325 8884 339 7169 7390 380 3930 9997 6284 9188 1416 3459 1803 1164 4549 4715 519 7718 2581 
9036 9932 5440 3170 8190 4764 3862 9780 1465 2298 2054 5429 8791 4350 9375 4014 6151 1898 3732 5202 4753 3193 2671 8484 4311 3708 5224 8009 1297 7022 1899 3210 2492 1647 6379 2382 7021 2396 4650 2052 7040 3491 7878 5321 8128 1981 6458 2149 6276 5433 5879 9084 8552 8983 8700 4196 2067 4711 4254 6518 689 5085 6979 3929 6822 1749 200 6044 8771 8606 8293 1679 2181 5438 809 3496 2744 7861 7618 8792 1420 5167 2417 2524 3200 1979 9416 5870 7422 6455 8142 5232 1757 2443 715 3519 6655 693 8188 8483 1420 5964 818 467 9177 5598 7267 1645 1293 4819 2571 1911 2506 379 7555 1688 78 3453 4727 9197 7040 6067 9846 6839 6804 7011 5863 818 3666 8271 8561 3247 2525 1678 1559 2451 
4602 766 606 2365 1410 319 2656 9529 6418 7516 745 4728 5688 6549 629 7157 1857 4468 3112 9385 4937 5804 4037 266 2725 1445 3692 324 306 4825 7627 7870 989 8758 3875 7470 7532 9233 4215 4193 1553 5137 5592 9017 4425 1820 8115 1106 8774 831 7524 1223 3156 6014 1846 6366 2976 2052 8421 8923 5330 7431 2217 3653 2377 2878 7052 6303 3679 2763 9671 7901 5036 7278 5405 5600 262 9996 2578 2456 8972 8124 681 1602 9123 6703 4759 1994 2301 9101 1749 4699 7746 624 1832 1241 4314 2990 1501 3570 73 3374 1995 1633 5501 1774 7645 7509 7833 5366 6096 8224 9593 344 6024 4537 1766 9883 6014 7312 7314 939 5143 8063 8364 5704 7980 7682 5540 4444 1055 1505 971 7082 7465 4739 
7546 4711 9474 4224 4125 3482 7917 1031 9286 9734 2238 2171 8988 3894 2164 860 3369 9705 5917 333 344 1391 3796 8396 4612 9155 3703 1559 1297 2862 2904 7714 7275 3201 9439 7211 5699 6221 2290 783 2663 9567 2159 9722 2729 25 3072 4005 91 7481 2166 4811 1963 8263 7409 3323 7738 7291 2677 3318 3862 1548 8448 32 2298 920 1330 8841 2552 99 1230 5762 1385 6906 8327 4998 2819 6974 1917 8177 7529 1228 7828 4020 9394 4314 3040 6314 950 7273 7051 3896 5516 1391 320 7848 8957 1485 318 9015 4259 7354 8385 4311 306 9843 7437 6106 9752 2540 6876 3180 5554 5073 2084 6926 8388 2174 8218 8515 6237 1317 8368 9624 6542 818 6964 1840 2336 621 4048 8537 5516 6551 2399 3145 
3014 4720 3112 7601 8059 1926 4985 1648 9997 2483 2726 1714 9814 4654 5473 1129 4327 5434 7874 510 2343 1811 8460 1058 6245 6764 1549 2971 6139 6435 8001 6269 2918 8902 8671 4941 5703 6062 9360 731 2656 7948 8332 8554 2435 6432 6192 6501 4682 1118 8194 5774 2359 391 5425 7382 6007 4918 1548 1554 1065 390 464 6060 1075 3554 4365 1114 225 6659 2578 4269 9601 1441 7782 8524 132 9597 2303 4272 1042 3657 4429 3858 7775 588 3477 2755 5677 1108 9700 2742 349 1978 8370 4957 2822 8089 4598 2782 9829 1153 1612 621 8415 2271 737 7456 6364 876 1819 2451 3108 2135 5832 2418 8273 4926 2631 4719 816 6841 1363 9747 3628 1089 850 3773 4999 2947 6247 8596 9529 4387 1206 6514 
7099 9686 1014 4861 2486 7175 2209 9108 9320 5575 1358 5556 6967 5028 2360 6421 5721 7423 6044 1148 3970 566 3112 7835 3184 2362 7572 883 2228 7530 3875 5971 6242 5047 1047 5005 4969 4500 884 7918 2393 653 4117 2135 9320 2695 3764 1068 3423 1953 184 8588 4023 657 5368 6392 1687 6050 6534 1184 8719 7475 992 4154 4089 2421 1280 3062 5407 9033 1940 2615 8233 8437 6918 6377 5916 4368 5715 7467 5688 5010 9919 9080 8782 6254 3915 3206 6327 3065 790 3028 9376 212 1697 3518 5929 9670 3543 8960 7742 4370 1102 5303 9798 2111 6728 5577 5232 8355 397 7260 8560 512 5545 9932 3910 4112 1132 3184 8884 2399 2156 6392 2465 1909 3988 2118 3016 5684 9366 9079 3808 8743 1863 5380 
3237 3105 210 7935 2549 5916 536 4919 1276 2318 9824 6589 7412 8399 7169 8525 2647 5155 6604 471 4141 3374 8092 3612 882 3147 7206 6240 7789 2254 3803 616 1745 1107 957 8094 3813 178 4941 516 7346 851 4136 2023 9648 3462 5492 7029 5179 7917 8117 900 4597 2826 320 1718 8250 221 9675 2481 6217 7952 4270 4383 8942 6825 2261 5460 91 1678 197 1414 1794 330 7871 110 6097 8285 7336 2098 4467 2750 3753 2537 231 350 5836 5758 895 8868 1859 9059 6288 7988 3929 4570 5495 7538 6025 3109 2025 50 8968 8893 2828 3228 6264 3943 129 954 5563 4422 8316 6599 8579 2225 7016 6210 4808 7884 7778 4844 223 9219 4775 4691 6756 214 8034 3233 2170 3338 3696 6191 1692 5978 
2939 3042 9787 4146 4691 2498 8035 5838 7724 807 1820 7709 6052 2541 7944 309 9373 6613 938 4337 9116 5026 40 407 1926 3233 9225 7658 3216 9013 4890 9611 3350 1520 304 6706 6166 1364 3156 8242 2425 4367 6857 1499 782 4428 4808 6389 7658 4752 2639 8861 783 3374 1613 7077 9582 9574 967 6799 9362 8692 8398 1251 4022 1436 7684 5136 4973 5091 956 6362 9199 670 6771 2544 2543 3282 2735 6770 6114 9774 9808 9831 7452 8748 9849 524 3842 3630 7008 7934 8804 8956 7049 731 6418 4900 2103 9397 4965 4172 3694 7756 5251 758 1571 1785 5022 3464 9599 4930 1417 1532 4939 7360 6381 4805 6435 1108 4586 9483 7750 229 2245 9258 4535 3486 741 6735 7288 3126 9569 8193 2487 5587 
4831 70 8190 8293 2568 1205 2138 2720 1750 2586 1909 6918 7174 2607 1915 2020 2121 7784 9436 6518 9366 8148 5087 5012 8693 2787 5582 7487 4569 6924 6219 3074 5382 6152 3265 1444 3567 5686 4850 2052 2342 7610 1525 4281 100 629 6287 6511 9342 7436 3549 8857 1113 1585 3481 865 5175 2695 3484 1781 1948 4773 7090 1813 1399 7578 7585 1513 2608 2414 5555 438 1618 3984 7062 6127 2231 1982 1181 8978 6797 1137 188 4061 1864 8477 575 4973 4906 9895 5503 2833 2183 3557 3385 3460 3335 5629 6100 766 1089 9846 9839 2682 3962 116 412 8349 4078 4418 8763 3878 2079 9837 7463 7072 8348 1292 4998 6869 253 7766 1996 1148 4730 2502 8385 2501 383 8154 1769 685 5527 8311 2147 7501 
3582 5433 1477 6060 5728 326 8975 8497 8747 5514 2100 369 6873 986 8694 3374 6176 4560 1329 3675 5851 9931 4231 1795 467 6797 624 6427 3103 5544 4692 5363 5104 8704 6002 6360 2389 5047 613 185 1866 1165 521 2872 9949 2073 6921 6910 8055 1246 4938 2122 9699 7120 833 8721 3021 8684 6707 7907 7805 9460 5773 647 207 5866 4975 7251 1617 249 3014 7432 8005 814 8848 4408 1356 7560 8247 5504 5549 7039 7819 1870 6 7211 1413 4573 1753 1965 8222 5945 7054 4303 1460 7795 3756 4963 3540 4266 1631 3319 516 8793 6928 5050 4592 5102 8300 6779 1786 13 1507 3272 809 292 3936 756 5279 5163 794 8584 7526 6120 2308 7264 1135 8538 2128 9520 3767 3843 230 7973 9082 111 
5448 4404 7728 3215 3116 6471 7188 1354 1372 1209 1668 5660 5464 5716 9511 4676 8551 1513 6673 456 1229 2949 267 2980 8745 6861 7426 4406 3103 3649 2451 1140 6338 8741 5163 4534 4940 6331 7425 6045 2691 5912 6175 1009 9223 1922 1730 129 7711 4742 7420 7420 5514 7826 9321 9597 1911 2559 446 826 1061 6109 7668 8929 1110 3412 7959 2983 9115 2378 1546 6211 1148 9012 5949 1358 9427 2153 8410 8597 1380 520 2908 7474 7527 3007 395 1387 5287 3213 5678 2732 4491 4068 9554 3356 5550 3102 4106 13 2252 6352 3603 6803 7303 4849 2309 2634 5412 5515 1030 8304 2482 2115 8744 292 7519 9780 7807 2488 2962 9217 8448 5115 1674 880 4557 2673 1411 5207 6834 749 7160 3551 6502 2837 
8767 4327 9041 9977 7172 4069 7149 1989 1595 3823 1928 6449 9779 4075 7509 1559 525 1990 2695 6039 8779 1765 1350 9647 9177 8148 2447 2308 6233 536 925 4926 1885 6606 1321 3291 1514 4508 4871 764 1886 9276 7465 1287 4802 6458 7678 1174 2303 5658 370 1700 1559 2124 7463 968 842 9686 803 5478 6982 4649 859 6520 4505 4641 4019 3376 5901 942 1155 1346 6943 9274 3438 9357 9887 2135 8120 5653 6900 9232 6494 281 882 1997 8200 3378 7132 7516 2059 3037 2039 8958 6382 6668 7672 6865 8937 3026 7380 6570 2414 4966 1862 3955 3166 1662 229 9263 3639 6006 6112 1661 9647 1954 8281 6064 4946 913 281 5905 7158 4207 9157 1171 5342 4480 6707 1056 2032 4250 3658 320 6693 6775 
6012 1710 9669 5645 8908 5097 5123 4985 6014 2914 1477 567 2097 9182 9628 8750 4026 2911 8427 7428 5667 859 6125 7438 8436 7694 4500 8274 4793 7441 5349 9212 4731 7496 7354 7970 3048 1529 6776 6490 1413 5074 6103 9180 1333 8081 4719 9361 5302 4846 5121 358 5105 5004 3207 318 5650 1062 8926 1 419 8909 1964 317 9318 8981 326 60 5972 3402 571 4482 3081 7389 117 77 4568 4124 8770 6358 5317 3506 6193 9868 2272 3543 1602 3492 2644 9231 2050 6315 834 2022 4522 8190 891 7629 6843 1468 585 7430 1794 5749 1611 5676 1490 1982 1048 1628 5340 643 4014 23 4755 6510 8173 9962 2411 5711 2450 5760 309 3326 1457 4259 6006 2078 8219 5926 7638 6506 7680 2190 1815 2687 
5243 2317 2356 5608 6822 1236 2378 5949 73 3780 844 5588 7850 3476 8960 240 2377 773 5384 811 7284 3281 2710 2973 9892 2927 371 5935 4860 1985 2549 7747 6499 9631 88 8117 1376 6542 4524 1612 6449 2417 6968 8856 2552 7933 8979 4261 7383 2643 4798 6082 1204 5845 1473 8554 7690 7624 1312 2503 390 214 3679 1757 2174 2052 670 5885 3773 8550 815 5341 9292 4594 7020 1744 7558 6280 5194 6704 7790 771 5772 4582 3997 6117 2445 8247 7672 1120 4748 5400 426 7683 3746 8375 2257 3946 8103 4504 5424 4590 829 9364 6256 5541 4594 1664 8816 4415 3643 415 1569 2810 771 6512 3249 1217 4634 2625 1861 7225 9119 7496 703 7070 9059 5778 1015 9022 5001 3244 1177 7712 9145 4284 
6503 5967 210 8022 7392 105 908 2756 3737 5750 5327 8519 9981 1816 9274 2317 6555 3551 1484 3645 2076 6773 6472 8828 5906 9240 905 3360 9912 2838 9198 759 699 379 1313 3897 3929 4067 2426 2234 2508 6523 8531 6470 2023 4309 3686 3557 8475 8725 2451 3463 520 1515 1693 6907 1438 7585 7824 8096 3948 2295 4964 597 2703 8761 5052 4353 2507 3344 5864 190 3142 8622 2545 2674 5091 9731 8502 5410 6935 5179 162 1925 4361 8970 5430 7769 854 5293 9156 4372 5176 281 962 120 653 443 9958 5362 8466 7931 7743 2478 4092 9341 2000 1429 2800 8212 7668 4230 8894 818 9081 7078 5357 5913 7247 6458 3358 169 3539 5551 614 3943 5022 4027 6961 2997 7035 3195 6128 6920 7898 8873 
5316 1454 3997 708 1108 5606 132 287 8364 120 9519 2335 9303 9295 4480 6391 6892 5497 8224 9757 7936 9528 1062 9846 1695 9485 4211 2255 6618 5124 3935 6437 1053 4299 4253 473 5554 9632 6465 1140 8090 269 8713 5862 2658 3479 7775 3818 6446 8358 163 8789 8858 689 7997 5166 4735 6763 801 8933 8953 3682 9544 7833 8728 9926 953 2671 5112 7109 5012 9948 9552 560 3598 5046 6997 7465 8323 588 201 6858 8775 3663 5755 4032 829 5950 1931 8251 1361 8839 1732 6686 6188 1328 51 9724 6438 7384 8332 3347 4658 9935 194 229 3579 3718 3480 2123 628 5841 5074 125 2096 7379 1668 9718 5098 8220 7864 2851 1834 6798 1439 96 8638 2478 2689 564 2751 2225 8885 9982 374 9925 
7278 616 6676 4926 3923 1270 5277 4322 5030 5540 3403 6617 898 6402 2433 3602 8624 7720 631 4081 2455 7277 528 5212 5818 338 8860 8479 5564 8833 2130 1572 2949 3005 610 8165 9724 5054 630 1916 4456 1510 127 44 3956 9063 2232 6551 1805 9351 4778 1176 1509 6239 4942 9062 123 6277 7891 9420 2281 6354 4294 4905 4710 5245 5567 7687 174 2114 5586 3487 7558 5778 1087 9996 928 2863 9976 4356 8193 6949 9313 7787 7678 2397 2140 850 2246 5554 5439 1999 8068 6411 692 4470 7716 6209 352 5878 9678 7414 5133 584 8963 3256 342 3578 4250 370 8921 7135 5626 6283 7889 68 5161 8577 1833 226 3112 9133 8485 5149 4309 4736 6776 5960 4171 5793 9008 2654 5000 3329 7568 2047 
7578 966 8878 1560 9792 6021 8403 7839 7902 8605 3857 3382 8820 6703 2593 760 6836 4549 6480 9798 277 15 5770 5126 2240 4918 4195 1606 787 2414 6190 2317 1041 1407 6298 6706 235 1667 5531 7793 7556 4508 268 2317 7551 4419 3532 7764 4583 4814 260 5003 7593 28 1439 550 8825 9987 3812 8310 1268 1862 5924 3123 8497 879 216 5453 3372 2103 6269 8379 1400 4517 1556 672 3686 1238 4303 7700 3479 3968 5902 7350 3004 9964 861 3647 5107 6742 2685 2023 8563 7963 9467 114 5058 6703 2401 6225 4895 2914 1583 1043 9435 1274 170 1467 4676 5769 3416 1546 9387 9844 8097 7101 8372 5197 9971 4205 999 9174 1486 6753 2686 9959 7287 3452 110 1683 3236 6664 5614 945 1291 2831 
5946 125 1630 8621 4779 2346 1609 6963 9678 8529 1239 6508 7912 194 4162 2072 9605 6760 4439 4648 453 4503 8704 1676 6230 2417 1120 857 5917 9370 213 1934 3948 214 2239 819 8918 9937 8476 3366 7682 7133 4955 4266 6500 5145 5994 7155 1085 5540 1614 924 2118 113 815 6154 3050 4842 5833 2109 6854 1543 9253 8291 5192 4481 4143 1498 7134 6612 4154 8536 3780 9335 1952 5516 8589 6566 4714 7737 1553 2581 5547 3387 4741 9944 9566 8316 6158 2062 9629 171 1827 5453 5401 214 2936 1348 1959 6688 9047 3389 2091 322 4318 1521 2944 7388 3756 8383 6738 4931 8635 3200 163 146 6045 4567 3138 5195 9882 6518 3373 4007 6585 3733 644 1617 9170 3029 3 5492 7712 3153 3508 482 
1603 3875 2805 6229 9466 7473 7940 2682 1464 6512 4626 5756 6102 7498 8563 9422 56 1679 5945 7345 1997 9193 3055 6474 4624 2766 3974 5146 218 6200 1251 6980 9449 3146 3333 9289 2766 9810 3051 4992 2360 9884 9485 8446 7333 5812 6189 6465 4015 6491 2065 2044 2369 6512 4019 4363 1530 4822 2045 415 7089 238 7626 7243 8721 6022 487 1348 8590 6007 7340 7012 698 1707 4993 5662 51 9532 4134 9077 2294 6469 1697 4720 498 5007 2696 7691 8084 1716 3770 6966 8427 4838 6563 3211 7931 1303 5464 3631 6996 2398 2165 8410 9039 4166 5551 9609 2460 6095 3827 3931 2470 5381 8959 1210 928 6946 4324 1698 6762 5302 3947 2459 9455 2526 9765 5198 5412 496 5304 8269 392 8871 3881 9996 
6999 7700 5266 624 6801 7572 15 2212 8087 8018 4900 1020 9469 3696 4689 4455 6000 4603 5987 3764 6059 2152 5019 809 2688 1675 5063 7692 1844 1042 4928 9873 4611 3774 7940 2116 1521 5134 755 713 1425 196 266 2878 2596 6802 2887 9636 1287 3522 8544 1431 8159 8288 654 3249 2792 1169 8405 2465 8458 6388 1060 1743 1729 7644 8762 7314 1871 8444 1874 1826 9037 1524 2729 268 4671 9677 8557 3745 5756 8674 8884 767 1882 1835 2767 6870 3031 6328 4241 5136 3545 4258 8572 7683 8626 53 2621 5293 3766 720 5287 3546 673 9867 1349 7579 6866 3145 1880 6117 2366 7695 6744 3526 7390 9412 6317 7770 3907 2759 2865 248 4451 9719 7074 4289 9858 8304 4101 3255 2701 902 6220 1160 
357 1344 7655 1189 1015 8209 4664 6149 7263 2020 1561 5134 8279 6738 4028 3193 7426 2631 1499 8783 4726 6942 6716 9298 1482 7960 4717 7622 9289 9797 443 5553 850 5863 2876 6688 1302 7742 8175 4382 877 4105 1383 3009 7724 6939 1941 3210 4333 9140 9832 5402 1958 4729 8192 7742 8290 5604 7369 9577 4809 84 1493 3216 3647 7134 6852 6119 9800 6481 2534 1418 5136 4661 2273 9323 6791 554 2179 5185 2416 8193 8945 9524 1625 2066 1051 251 1042 1614 7426 1204 7343 7387 8994 3469 1750 7116 7439 7965 5394 4889 1174 5144 2397 8192 8908 1616 6123 2757 1866 7627 7116 2261 9612 4243 9868 2578 2611 8599 1998 9079 4414 6572 2868 1974 8657 5693 6894 3252 8335 5471 398 2523 5300 4598 
2059 229 5664 4951 4258 3362 1440 9102 3695 382 2310 7410 9637 4528 7963 3540 2159 428 330 8974 5249 3205 3959 7643 9550 5091 8478 5555 9478 9122 2204 1644 2259 1782 3843 3612 393 2365 2964 8240 3376 1536 8896 7782 1771 3588 3827 9739 9569 9110 1325 8144 7933 3396 8923 7134 1697 4896 3736 4353 6878 752 9715 8209 2642 3201 7219 5558 4991 4399 731 4813 6118 1265 3703 6103 2230 2841 1918 1926 2699 4061 4937 3034 2258 2271 883 7583 1274 8723 1359 7217 7504 4739 8980 9051 6041 316 8179 7963 4722 5964 2347 8652 615 8911 5216 2334 2097 7235 39 430 4292 8006 6718 1812 4680 8648 3258 2468 500 3653 1069 8717 8612 1969 8914 72 9571 9981 1581 7219 8602 3742 8730 6882 
9837 6524 8851 5653 7570 9131 3760 5639 3057 4699 831 1864 1235 1531 10 868 328 5019 6744 7097 2579 3504 62 8920 1850 2848 6437 1706 5230 6282 9656 540 9950 5491 2493 1683 1662 1070 7512 777 1982 6145 1141 1479 1394 7327 2870 238 445 1950 4735 2590 4129 5048 2421 7162 4688 5047 4234 706 3862 5086 4357 5180 4166 2683 2639 2493 6355 1914 724 210 2786 917 1208 2019 8660 1546 9656 2547 9274 4599 3 185 8650 2484 392 880 6945 2049 7839 8261 3336 750 6463 4733 1660 1536 1031 2142 4899 9024 1676 2820 5926 5837 8752 7435 2747 5416 1499 5371 3975 1372 2751 236 1111 3563 600 72 3447 2032 9822 7632 3152 1281 1833 5959 342 8195 793 1131 3978 3314 6425 5867 
594 5985 1192 1982 4628 6492 7297 4656 5981 7241 1799 624 1597 3445 1299 9254 521 2514 9677 2982 2388 4866 7952 1222 6858 5376 4750 1953 2625 1419 4340 6667 4714 7461 100 815 4255 5282 2039 9182 5463 9890 6747 2908 2545 1930 5742 8547 461 953 3831 3230 5241 8790 4535 7401 2133 9585 2653 772 9450 1845 5328 8142 490 2935 3979 3851 8388 6930 1250 2245 5782 3568 7498 6174 2597 3455 498 3672 7066 4143 8402 6516 3804 519 2922 5295 5823 7272 3954 2972 6499 7732 5386 8814 3318 3327 3801 1908 6134 5679 3771 1058 7350 6318 4739 4873 8886 5409 5444 411 5643 7131 902 1884 2514 7695 9453 2990 780 9763 9488 5923 2625 9633 1050 4494 8412 5039 1923 3337 36 4264 1758 2893 
9314 6127 540 983 1984 1508 3776 2917 231 8761 1306 8674 932 1520 6556 6943 6900 8327 2564 670 112 2740 6627 2140 8639 3812 3173 4618 6670 8975 2362 7854 6781 5856 3899 157 350 1188 9226 5407 835 6129 6520 1595 3738 1687 7196 905 50 798 642 3018 2511 2423 8052 5996 6684 870 3763 9765 3279 9054 7138 6106 6369 5540 745 36 2023 213 8846 2158 7277 4582 7607 5650 7961 6986 426 4226 366 3260 884 9674 5120 5920 717 5911 5652 8455 2376 6464 4993 1154 7093 8957 3428 90 9471 7480 163 7296 227 1359 7033 3264 5329 3978 1297 6388 7525 4630 1182 5597 4609 2107 1733 7880 7182 4564 5700 2614 9080 1620 6524 8249 2094 2235 356 1585 7093 252 278 3022 7040 2950 
4625 7886 4603 7249 8241 7960 4173 7132 108 5943 62 2685 2345 4821 9465 237 5716 409 6414 8580 7703 1812 5317 5681 4431 1445 3088 3642 8538 5381 7964 5241 538 1328 2815 7035 3959 2722 1047 9575 716 3458 732 4081 6530 8978 8442 4042 555 9929 1072 5455 711 2409 485 786 8294 4883 6637 9389 696 2546 530 4920 6765 4117 8739 6896 3190 6329 4910 952 859 1095 5946 7099 8985 8919 2758 7154 6575 1978 2219 4027 1161 2474 1857 183 5007 7051 8305 137 3162 9013 2807 418 6804 1182 848 2381 4108 6307 7524 4767 4349 62 7507 1762 9526 616 9911 6347 1643 2233 4861 2525 1475 166 7011 9338 9136 2440 5585 6053 9156 5007 3413 6853 118 2328 83 7169 8925 363 2279 2903 
9279 5360 6913 2847 3089 2993 2404 4000 9588 3545 4793 3937 1965 2737 6837 6548 3984 6565 1212 987 2561 9840 4275 3864 445 74 457 5244 514 8068 4791 2843 4163 4704 7048 8810 6960 1303 1591 2552 8517 869 6417 2155 5294 7623 2764 170 7130 3192 6532 773 9608 3015 636 6689 4717 731 2310 1491 4096 1949 5078 6588 7331 687 3268 7325 9087 3748 1058 2813 2501 4646 3840 8600 2017 1355 2309 4163 2119 4343 5365 7689 1650 8664 5506 3400 4143 1637 3511 12 2787 3626 5383 57 3083 297 5082 2507 4227 3169 1558 115 9886 6337 8092 57 2265 6186 5216 860 1228 8603 5686 465 2387 2793 7983 441 8667 8381 5485 6897 4821 2130 1265 6454 4447 8176 1701 3234 7797 4275 531 3701 
9443 8432 4363 9151 6833 697 5626 7112 5470 2813 2397 7039 3413 4357 478 8773 9741 349 5498 4685 5239 6673 7135 1819 3191 8905 6491 9284 7566 4726 9815 7337 9759 7212 312 8328 8865 6416 2683 8144 2907 7607 99 4575 4212 6951 5942 506 2005 720 6058 2355 2519 5564 9636 562 2587 861 2518 2429 3650 8508 3478 3160 2618 4441 524 3107 3856 6744 1613 4783 4794 6332 322 2218 8306 3265 7870 576 2694 2613 1060 879 7483 7290 7037 7154 7413 670 4231 6421 6830 5330 4440 8907 6846 1222 971 2681 7961 2488 2640 7914 3890 1670 8750 2792 5420 8940 3070 1211 1149 4029 1323 4899 537 7750 5378 8900 8411 4300 4095 5923 7463 6768 6166 9610 8925 8595 2867 9915 4145 1866 7619 1259 
1691 7328 770 1107 2087 4261 1663 3013 2072 2906 2910 3822 5516 4711 1240 8703 7830 7657 3186 353 1029 9037 5435 5899 7925 6940 6038 2440 6033 4963 6174 6907 8425 2496 8692 2876 2731 1373 7082 2184 589 6521 499 724 3065 3348 7288 9529 6654 8755 2280 32 3668 2990 6794 4007 3340 4889 2782 1554 9601 2045 8471 1470 8603 7386 4529 1344 9668 8147 7763 9446 8872 4862 1235 673 4492 6245 3962 2719 141 5549 1852 5584 5557 2432 3649 228 8936 2097 2324 3317 5945 8015 7989 2701 2694 8779 1676 3429 9250 3240 3765 2208 6746 7252 3650 9637 3452 628 553 9669 3974 2558 992 5766 310 264 4402 2000 7221 9244 816 7466 8510 2419 4292 1187 2675 1707 3228 8038 6807 6569 150 6853 
9395 5728 8747 3890 3180 8357 1353 4611 884 870 6800 1322 3884 6797 3542 8508 2203 8035 8566 182 1406 2208 1943 7573 3716 2225 1981 4982 8929 4381 833 3682 6883 1662 1685 7832 3116 1477 3969 7378 2334 8738 4994 2212 4591 9752 8870 85 1084 1199 8355 2403 8317 6201 1591 5339 3578 1873 4884 4372 8416 3101 4731 5824 9094 9137 7319 7858 3963 3896 4862 635 1297 6529 6528 7614 1404 1490 8732 9887 5346 2487 7119 5973 8051 8943 9967 9104 7671 4298 8588 1681 4873 1021 9615 931 1877 8804 7436 2347 2633 6936 2722 2647 1165 2858 3747 7611 7330 4548 4784 3911 747 3904 5949 267 4537 1302 8805 8010 8454 3086 3898 2684 3024 9386 8257 566 2584 9566 7978 581 5611 6556 637 8969 
5150 7366 5920 2584 1584 565 6453 8208 6234 1252 1180 2789 9591 1555 5922 6800 1580 1162 1320 1286 1030 5767 2285 3583 4533 4121 4585 6603 1736 8894 8381 763 2429 7948 4787 3819 186 1357 2025 7204 9494 4125 529 1348 4613 8161 2447 8588 2519 6930 8286 6153 8315 3457 3865 7210 2548 649 9825 3672 507 9187 2899 329 911 3521 702 1821 9819 608 7552 5387 2490 7602 5871 9111 1662 1447 7280 1011 1622 9822 6385 2399 7737 4845 2941 3193 5728 6667 3194 5950 8230 5622 3362 4488 2786 9569 2031 3536 6747 4955 2404 5615 5917 556 4324 6780 6832 1919 2638 8386 4601 5835 9677 7120 7275 2501 8305 7192 3597 2404 1116 2360 4647 5483 7797 2894 662 7059 2985 3446 2351 2902 6490 5268 
9207 112 4390 1497 5199 1951 9588 1243 4818 6445 6379 8322 4485 8090 6527 2159 2725 4654 9713 1041 6306 1778 9232 9112 6967 7981 3013 4161 8675 7591 5805 2868 7757 7190 7040 6852 5868 1327 4202 2334 2686 4156 8860 8766 4817 1776 4714 3875 5646 5693 9264 3804 3188 1066 9550 5688 7326 8120 8496 280 1801 9574 6885 9767 6783 3739 1861 5655 5840 7242 3091 619 4577 5264 1966 432 8838 4500 1602 9265 9171 4365 4206 4453 9310 2860 1178 1852 8865 4287 7196 8391 6785 4043 6810 7383 9148 9952 3680 2700 7 8756 4493 8971 1145 4321 7464 6199 2240 5700 2613 7004 6078 7764 4215 462 2126 4084 1538 8581 218 1544 9348 8757 7179 6368 5970 2731 4767 9826 1481 9226 66 5111 8875 330 
3461 9671 8512 3713 289 3911 3109 6910 5103 4012 352 6838 1434 6299 5225 769 8752 5976 9342 857 5510 3788 8073 2887 5061 5607 8403 7381 3920 7416 5561 3230 2421 687 735 9830 1687 5076 5138 1631 4806 2252 3379 9491 9386 2933 3521 3369 7802 7467 1269 3385 1112 952 4593 3302 1870 6106 2831 2381 739 9733 1645 6270 2108 2217 9455 5085 9170 2548 2377 6648 4167 2651 986 3547 3253 7595 9331 8622 4977 4151 6143 4255 5666 4374 5863 2258 6855 77 1758 2031 5895 2448 304 3652 8115 2910 8613 1998 8912 4318 9041 274 6442 3630 2244 3350 8196 1306 3335 9918 6620 7958 9139 597 7063 3524 9985 8097 4872 1151 7421 7213 1570 1669 2488 5176 7539 751 4618 2307 9434 5789 7120 878 
3626 179 7013 5231 1729 1407 2295 704 7813 6300 7901 5985 4456 2507 8377 1992 2277 2899 7901 4168 606 2604 5229 7935 6212 8119 3576 8653 1605 1459 4687 7979 6443 8305 5451 6425 3710 6508 744 7255 2369 3156 8687 442 432 4526 2995 6260 9709 5459 2063 9437 8195 7866 8877 167 8703 5050 2981 3982 4185 4318 3127 1155 4357 3964 1272 1698 1895 8774 6528 4228 8379 3528 5767 5976 7155 5736 1883 510 5455 4452 4611 468 1880 4710 8776 4625 1085 8742 23 2137 8288 914 4368 7269 3878 755 1258 6717 1926 7778 6351 791 7129 7899 2026 3813 7454 6929 855 4408 3165 4835 5495 3921 4322 3342 9130 5208 2624 8507 1595 3411 145 3514 881 7105 9165 6676 7438 1912 6255 6044 6373 30 
6950 3321 2816 1625 966 3537 1807 8765 1365 7046 6047 5677 6076 292 1912 5877 2405 6364 8741 2857 1107 3485 8449 5962 4202 1838 5993 5841 7997 7965 7151 6777 6598 5097 4879 3530 757 5630 4410 1685 1175 2550 7299 834 46 7814 721 3421 2706 901 9439 9198 7647 9600 6170 285 8929 7371 5577 140 2616 9800 4244 2554 1874 6784 197 8403 6704 3460 4418 2410 4134 1061 9982 6473 7025 1718 5844 235 7313 6184 1362 3152 8588 8046 3683 1035 2028 4347 3456 1799 694 7991 9292 626 87 1276 2133 3256 9346 9143 896 1935 6062 1634 6214 7813 7387 6303 1966 4312 8745 81 6338 1876 644 2417 6710 3091 3682 8717 2138 5344 5166 6388 1710 2634 6195 1406 984 5397 8802 2210 7911 7938 
8738 8804 580 7602 9397 4970 4312 8168 1027 7017 3127 1746 5646 8172 5975 5849 41 9143 5517 6204 9627 708 6993 8590 521 2117 6741 269 3079 6825 1158 9846 8222 5360 1822 5031 6441 5754 5880 5461 4147 1366 5728 5586 5010 957 1057 4309 4301 5312 7185 4564 7253 9619 1184 257 1033 1061 6327 846 5306 7336 8557 8229 6536 656 5612 8511 1482 9645 2982 2680 2373 6833 1213 5435 809 8278 2077 1841 81 704 7662 7058 6338 5348 862 3310 9981 9685 3589 1004 963 9957 2430 3720 9979 9529 91 7354 917 6729 5240 9145 5934 2608 205 5320 1925 5058 6926 1878 819 9824 4397 3993 297 8611 1465 714 1120 7693 6531 6607 648 8314 1781 2551 8044 6153 2012 1177 7950 7270 8364 4239 
9337 4446 3632 2943 3445 3624 2353 7913 7603 5433 1764 3205 438 9222 660 3809 4166 4123 8401 2738 5623 670 5557 1016 4499 4643 602 496 3678 3402 3062 2944 3056 6356 3204 5222 7265 945 5647 9040 4114 1311 3837 6208 416 4406 510 3993 3115 7951 8286 923 1186 2695 9392 1011 1849 8448 4783 5045 7088 7439 6125 5846 6293 7827 2017 1065 399 1398 9097 2730 4451 7806 8848 8188 3466 8795 9764 5498 5156 7495 520 9134 3298 4702 7774 36 1333 9273 4865 3779 3976 3564 4889 6363 9762 459 92 3052 2210 1227 9391 3738 6991 7981 1955 1863 9028 1662 4345 8155 1753 6551 9127 106 3039 4411 8505 2876 8467 9847 856 4865 3570 8908 2774 7972 5681 5789 4382 5753 8268 6858 2675 2425 
6077 1459 788 852 7806 4144 2398 1860 3107 2713 3984 3014 6610 6953 2700 5465 9190 1152 2463 2918 1905 4161 969 9754 2233 4695 1535 2955 2637 2127 9489 1981 7556 6120 8815 764 6711 3106 927 7648 923 4597 202 7941 2565 9326 3701 1025 6487 733 778 4540 8452 1274 1206 6390 9103 6304 2358 2118 8354 9964 2607 1202 1554 867 296 6424 9457 4506 4707 1077 2870 9072 2593 5269 4573 3166 2022 1151 2081 1620 6592 9 6716 5754 6845 2623 7489 5228 127 9920 2495 3483 883 1712 8615 1168 8096 9104 426 8940 9053 8845 8126 9575 7356 3513 1426 5831 405 4725 3654 640 396 4361 866 3290 3474 6027 7317 5415 9502 7798 2797 5976 6487 2425 9106 5204 4786 2064 802 7188 8141 2173 
7373 2254 388 5948 7036 1009 2132 9007 5941 5638 2377 3535 5732 9748 5536 2549 1710 6294 2076 865 2119 7061 4902 6171 1045 4951 2633 9464 7977 4665 3911 651 7255 2592 1740 2293 438 9789 2114 1314 4096 2720 8567 8230 7410 7324 2473 8197 6378 1091 4676 675 2897 9309 9381 3070 7806 6178 2517 230 3379 1427 1621 2245 5925 1555 3937 8714 3012 681 7490 7337 324 4551 242 50 8203 6704 2585 1811 4687 4055 9976 776 8230 7158 6490 3301 4878 2909 562 2496 9098 2166 4297 9438 3041 3905 3658 3366 4032 2365 7025 2829 2789 6510 1142 898 7217 2130 1941 7829 7045 7689 5893 1158 796 7996 8882 958 3107 193 2587 5307 9573 4530 6594 3090 6994 2657 1739 3617 5123 2623 1716 6371 
1166 3315 854 809 4224 797 5467 757 7057 5519 4496 3799 1163 5539 6977 1883 3764 4099 259 8005 1594 2487 5396 6885 2144 1848 4258 515 3027 6646 1409 2149 3862 7934 1435 1809 1344 7306 317 696 8146 4867 7555 1584 5021 9223 7283 3063 9622 1724 3254 8068 5382 5732 6440 117 7121 2083 8677 4320 9608 7034 9269 1638 792 8818 1868 2366 3046 5358 5270 3353 1386 1307 998 7695 410 2042 1306 4317 2194 1188 2633 2187 2425 285 6007 6593 9296 3907 9387 55 1853 6570 3460 2999 5061 986 836 2940 1691 8833 6879 4495 4896 4209 450 679 488 8250 2178 5521 7265 4405 9158 4586 3188 2343 921 6809 4773 2745 7706 872 1864 4357 1000 3369 6824 477 8407 434 4761 1794 9467 2720 
8307 3967 2921 3838 3535 5661 805 9386 6588 8774 7747 7620 2169 8288 4087 3009 8389 3959 7423 227 1327 2455 9448 1030 4972 1587 7120 3739 2088 1853 8983 7770 4438 6457 665 2466 5722 2266 5860 9766 3420 5485 5788 5633 4531 3598 3413 1350 6490 9480 940 9706 2586 7560 4138 7095 4358 2405 6440 2650 8622 7891 9148 1136 7615 1351 89 2758 29 3465 7646 2261 6980 6755 2053 4955 5015 3927 5662 9735 6925 6720 8671 2887 3109 1009 2027 2737 1342 9274 9989 8951 4437 5117 1453 2680 6443 4884 4529 5669 96 9298 8693 6388 7998 5825 7784 5594 9023 9574 5367 7218 739 2429 9646 2560 2712 8772 2303 7502 3789 2334 8319 6414 1953 3371 6243 3409 5488 8777 1479 5830 7456 4446 3160 1725 
1477 9730 5612 6772 1540 5473 5917 5678 8793 3295 2593 3506 788 9777 3008 999 8299 7201 1678 2484 7024 5452 4409 3307 8054 231 902 2628 450 996 203 7907 5612 8215 633 6929 5435 3968 5702 2599 9602 887 395 1410 2938 9275 2727 8436 210 8835 7242 9366 6772 6022 4611 9045 8948 1326 4145 3584 2538 8445 5061 176 2881 7595 2103 3723 8704 4812 6422 9981 8727 3941 1179 6712 8795 5469 7816 5083 3591 4903 9116 7397 4522 4383 7135 1811 1715 4082 7798 3751 614 930 3521 9371 1720 7976 6205 4025 8919 2399 5867 973 464 535 4455 762 8659 1199 3487 4584 4017 9639 8332 1674 406 7247 1726 1167 1403 1545 7066 4624 1151 4455 1907 6397 2072 4948 1592 1156 4315 2987 2363 1550 
615 6992 3891 5204 5177 1174 2721 7869 5802 5531 79 2052 5218 1508 2526 9504 1796 6096 9621 4148 7428 747 2630 529 5388 7897 5529 7651 5474 5789 2011 7750 948 669 1168 9821 8887 283 1815 1476 4763 6090 4786 978 2103 381 5905 9279 2644 2828 7294 9480 1702 5085 1412 8330 1854 7230 7754 2495 8103 1884 9765 3986 4732 2708 1036 3609 7135 8054 377 3082 5451 5852 1498 3968 6554 5579 9861 8546 742 3399 4386 7000 265 8476 6206 1970 4846 8840 7704 3883 255 6989 8353 1957 3978 6970 6259 325 703 1426 1329 2114 8383 3147 8956 217 1958 2368 4621 8191 8850 2181 3810 2300 70 1018 9363 9217 7561 725 6199 2005 7874 9775 6586 4509 2198 9420 3759 7398 2717 9202 5365 6370 
1125 1787 5605 2592 6819 6194 2038 7477 5694 5649 3722 4647 422 8535 8231 673 9162 8053 988 3491 9257 2465 1045 9003 1639 8735 4613 1478 5886 371 9261 9255 4432 2152 6812 8719 9222 5457 8964 182 4274 2996 6434 8068 2974 404 3476 6997 4772 873 5061 1422 7818 8547 1624 1179 514 4617 2369 1199 6352 5782 7569 4231 3340 2874 2104 2671 7914 4879 8336 3999 9096 9974 8416 268 43 1726 1842 4456 3793 9169 23 863 4866 5065 4304 2372 4083 6104 1957 3329 7062 9242 3690 362 8845 837 706 4966 3990 9364 3635 8370 7863 5051 8607 934 750 6696 7848 7685 4362 9498 9946 554 1284 9242 64 1213 800 2174 782 4938 8858 3655 6029 9543 3454 9492 8769 8110 896 1229 1652 3882 
2550 6030 101 6202 7654 9692 6557 5839 579 6666 3064 8454 5849 5712 1509 4701 3393 1143 402 6770 471 9327 1846 6505 8404 546 9375 1056 2740 4653 2493 6723 3869 6197 2921 1427 119 2503 1885 6448 3594 2045 4534 7281 2460 3747 704 5443 3330 9578 2075 8786 7438 3984 8941 1575 6442 3952 9760 9199 438 1228 1265 7598 4039 5403 6789 5632 5399 3239 2745 2643 4976 6947 9214 3426 7361 29 6880 560 8037 2304 8445 4622 5963 2753 119 2372 9047 6235 6861 9927 8337 2726 7470 5588 1241 1753 5584 8148 8643 1278 9682 4842 6116 4794 6117 9725 1923 334 1500 8317 9222 5164 4626 2672 7367 9860 9804 432 6434 9401 83 7071 7597 15 72 8146 5164 8834 2884 894 4576 6780 2697 1842 
8825 4489 6728 8234 2630 8935 9337 7043 7326 571 2659 7777 5321 5258 200 9036 325 9251 7445 3679 7263 4144 2426 7245 4230 6798 6421 1632 5816 8400 3416 2495 1964 5959 1145 5766 3863 6430 8480 667 8752 9188 1511 1223 5846 5220 6814 2611 1175 2609 6666 2016 1505 802 7351 3228 1140 9595 3629 7941 7328 8347 4008 1258 7582 2926 7477 38 2351 8054 330 5948 1414 7166 7080 6284 8398 8972 5705 1186 5404 4552 5166 793 9610 5855 2063 9272 9014 6654 1640 3250 1972 7324 7184 961 2012 7364 2452 755 1629 4766 6828 2480 268 9985 9420 9908 3694 382 6240 6534 9252 6724 7287 5166 3218 1498 6001 1386 795 8428 6198 6341 4954 2358 8969 3409 317 9503 2491 1295 6979 1079 3234 9913 
7924 8615 8281 3806 1432 5179 1099 7121 6609 6252 1534 7824 4630 2877 7467 1177 5387 1940 1063 763 3831 657 3160 2639 6296 8909 947 5340 2181 9998 5344 9046 4042 7814 3116 3357 5342 9279 3506 5926 1183 4057 8876 9584 182 2545 2530 318 7658 4148 8606 2046 6824 6840 5177 8887 5256 7857 868 9162 1671 859 5042 7964 7013 600 7531 392 9818 3234 2769 1532 7104 9311 8901 3256 2416 4927 6115 3309 6755 6892 900 1087 1730 7394 5444 6311 8465 2420 2234 2104 553 3172 1983 7585 3965 1008 9289 4268 1606 5005 425 895 8324 4986 3666 3632 682 1854 5376 5797 7787 4724 9712 1852 4238 8984 7694 9126 1470 2464 3637 8870 7964 1089 1904 9969 762 9643 1398 2477 9796 4422 2407 1031 
6443 5073 7695 1956 9448 9795 6322 5175 142 446 973 9211 2388 7374 6207 7149 5780 6108 4451 1697 3706 6171 5544 1698 4770 9823 8245 7268 4147 1494 6878 6247 5651 1819 1359 370 3848 2634 8277 2752 9168 6199 305 7253 2110 1279 1345 260 7184 9725 9896 2034 2701 4618 5267 7724 2095 1430 1152 7338 3991 8098 858 1994 563 8495 3039 1322 1363 1659 5562 7125 1724 9607 262 6510 6140 6820 6780 1165 1891 6256 433 2239 4989 7268 1211 3062 345 5367 1133 7828 6553 9064 4678 6553 7294 2167 9729 932 6282 27 4129 2496 3400 6545 4782 2275 3423 6451 1191 3721 8699 4121 677 6654 192 5140 1281 1097 5866 8024 8904 5868 8638 5547 899 1037 6243 923 900 1766 9097 1076 7695 3124 
8523 2226 3047 3514 2480 5571 2107 9069 6830 8306 6629 8840 8591 1121 5012 5278 966 2356 1026 7804 485 1652 6479 6618 998 1107 169 5607 7112 14 7754 7186 5698 7345 1163 8411 8636 6992 7599 8415 7011 2054 2305 4346 50 2735 6937 1884 2231 2338 7611 3658 9136 6124 606 74 9423 2857 3631 3456 8289 2224 1881 1835 6719 3623 1081 4368 6197 2621 3514 1335 1476 4084 3103 9622 5089 3230 7674 2794 7751 7433 1846 2667 6759 2347 1321 3782 8120 1792 5992 5529 170 2192 6506 8138 434 3801 8304 2460 3504 7317 4549 3007 1192 5229 1352 3110 1042 9408 2842 2723 6040 896 2156 8829 8951 8343 4438 180 2425 98 4430 8489 5416 2893 7520 4452 6105 1648 4184 1291 9557 579 5947 8671 
3091 6259 3534 2465 8672 8252 2455 6442 5432 2548 1126 7044 2579 2314 4628 7308 3636 8215 5818 988 4583 8086 9666 7508 50 4725 9766 3142 169 1000 720 3628 3924 53 1376 4561 5553 9697 8757 9869 222 2150 1037 4201 709 7101 8787 6041 2873 377 8420 2578 574 28 3774 6867 7316 8849 5796 3969 124 126 735 4321 866 6656 7986 2718 2690 7231 79 3440 671 8800 5556 6406 5989 7414 2670 81 4447 9071 194 3117 1412 7295 2901 9381 8918 8089 7177 7256 2702 6913 89 4484 9821 999 6175 6701 2353 67 2519 8734 1315 2625 823 3439 6187 8141 5343 8731 8632 7809 8798 591 241 1420 4502 3046 146 3079 8511 7391 4617 2186 49 6224 6520 718 2908 1034 8559 2053 3804 1849 
8198 9225 2672 2609 1422 8811 3643 1362 2755 1126 3278 4976 8097 8571 5490 3144 2253 2707 8554 753 7702 8632 8565 8937 4339 4474 4850 3916 6593 6137 6661 5569 557 8002 2783 6589 2471 3591 495 2939 100 4581 7917 2696 55 6786 4406 6107 772 6884 5765 2933 3372 4668 7989 395 6474 4726 8364 9990 9628 8218 4357 1656 4676 9380 6391 8352 9693 6826 6588 1263 2690 4759 5617 4929 158 1512 7558 2882 1655 6548 5527 5970 6470 7801 2900 1195 6545 4955 8428 8663 1503 8832 9017 3015 7260 4807 9030 4546 1340 4732 5932 6963 4054 2038 1746 6533 3722 8374 7345 2789 3446 887 154 1123 5880 2953 6730 4772 7991 9664 5262 3011 2859 3156 538 8152 2065 9527 7019 1034 5237 8162 1388 9047 
1997 5050 8600 6037 2265 4870 1159 752 5110 8427 6112 6091 3917 2451 3457 4617 4670 8844 6011 8101 2235 1002 9352 2867 4350 1493 5290 128 2648 923 8046 1037 1976 680 2635 2272 4110 5903 5251 8982 9888 4864 5113 566 2477 3264 371 5369 4718 9046 9207 2675 6056 2366 4757 1327 9797 768 1247 6125 8868 3142 9853 4828 9264 2379 3 2203 5475 1016 6414 5296 4217 773 7480 3453 8572 6998 2531 6181 7780 7849 5853 7460 7558 9109 1044 7764 1138 7354 3676 7000 2633 675 1298 7918 7874 9079 6555 2010 4926 9932 1984 5881 1579 2210 3238 7334 7111 5440 1083 4584 6690 1083 3879 9631 3410 506 5816 2012 9834 593 3837 2712 5020 8469 4638 639 7779 3511 6756 5404 1692 8701 2606 1444 
1421 713 4878 4009 2578 2244 7714 3708 1334 8373 2599 8353 2629 3236 5538 3961 6089 2532 9914 2439 9460 8886 3762 608 7687 2197 3086 7000 1807 9095 2244 6607 4696 7158 738 7261 120 1247 197 3973 7556 7599 6570 6462 1039 8619 1670 1881 8836 7331 4251 9033 1736 1695 7554 3819 3358 7141 6635 7858 1972 7524 5401 510 1092 675 9934 4553 7233 2606 1301 4172 7170 7664 1734 8783 671 2616 1758 4097 8517 1862 6116 109 3830 1301 8214 1866 3739 4146 968 1027 1233 9495 9892 666 1803 8644 205 876 993 4979 2655 5932 1806 8494 3730 6589 362 5821 1118 4539 1537 4017 7251 6948 8991 9521 1256 6404 6516 7263 3800 1542 988 3468 1308 7421 1216 9472 3438 6582 1908 6115 3655 3709 
746 6584 7898 366 6840 1786 3922 9967 1347 5485 781 57 1134 44 2732 1922 6423 7114 2552 5343 3297 2538 6861 1181 766 8132 2308 9553 66 8403 9786 2019 5860 8366 8193 9818 1956 3154 9342 7203 1823 6209 2300 1926 9289 9500 4782 8506 1386 2571 6026 3131 9797 1670 5994 7950 623 5077 9787 4120 674 4415 4300 3753 3901 2382 3809 1099 9906 9981 5408 1441 6659 2697 6019 1492 7612 6399 7317 9077 8063 7988 8266 9276 4479 8782 7007 2114 6919 4558 9638 3826 1289 1359 6535 1860 6981 2655 868 2346 11 2504 5145 7935 9971 6939 4160 8593 2604 1108 789 9388 168 4288 7473 143 7532 8114 5970 9797 7297 9074 4230 5890 130 1081 6371 7664 2093 1461 9649 5371 2251 54 438 7542 
153 1950 7558 6146 8660 9723 7275 793 1827 6185 6004 8537 416 2405 2264 3816 901 2155 8406 5065 7766 68 4230 7008 8817 4872 4589 1207 645 2144 3709 1180 4329 1768 9521 2423 9752 1893 1086 1933 6992 3878 5916 6483 5249 5170 4129 1504 69 3892 1167 4232 7118 4985 3848 9650 4390 5526 5363 5640 9872 5696 5157 911 1137 6998 7510 456 7745 8529 5381 2596 36 8589 8963 5223 2045 1195 9260 8566 9729 7088 8435 1033 6221 7139 5044 2636 8632 8772 3035 5366 2506 6730 3834 3313 5171 956 8689 2497 2395 1331 1099 2632 9604 5337 8286 2443 392 1589 9753 7999 9693 1115 5840 9554 1009 9701 5409 5844 9019 984 8364 9064 697 6987 3789 3342 5308 6293 4374 7241 263 4945 9711 1948 
3085 162 9495 2274 5001 4871 2701 3943 9586 6365 5933 5873 6988 6026 3077 4754 74 7869 6269 1861 1714 4535 703 6009 3615 8376 2812 9830 1348 1430 4325 1598 9364 4587 9587 6381 8476 6969 5738 7826 5001 8714 8196 6967 7559 6875 5035 7679 5051 5080 4138 872 7949 392 2482 4704 1978 9132 7489 4623 2452 254 270 9921 3298 9474 800 7330 2995 8450 8128 9452 264 605 3494 4575 4015 2110 3272 8532 5946 7602 743 6885 9686 216 3116 101 9935 5976 4966 738 1043 7209 8961 865 1245 1166 6752 4133 4174 7293 4135 5914 1207 5503 707 9651 7225 7309 5861 8518 713 8677 7326 2679 9557 1532 2683 4022 6843 5655 2583 8193 6936 1040 2360 1203 3841 7027 7997 561 1663 8881 8561 5446 
5169 2358 4556 4055 410 1612 4188 2756 1585 2569 6517 247 9771 9273 9028 2806 5251 401 9069 6229 2297 674 1278 544 2147 5451 7554 4059 8544 472 2297 804 2681 6682 7775 7175 2992 2648 7409 5339 2302 1795 644 5257 8745 8557 3314 3936 1986 698 7310 8842 9954 1360 1530 6866 7038 8623 7058 4062 7482 3954 2316 8658 1323 2245 1713 2074 5663 4372 767 9821 2567 2667 4502 5367 6159 6365 7240 4956 7065 3597 2658 8163 2314 1302 9469 2670 7044 9753 3383 6449 6259 6944 5048 197 4638 3837 7415 8260 9773 3693 2816 1503 817 2523 4276 4679 670 7090 5823 3470 7559 7172 4625 3850 6902 3340 311 8827 3284 4763 7562 3547 550 613 1323 4982 7676 7273 5630 7233 4568 6614 7110 1285 
9768 2495 303 2056 2198 9762 163 998 9268 2210 9650 2010 6367 2183 9806 1813 7297 4453 7556 2438 5606 1852 2512 2635 8679 2165 4030 9704 8868 2091 6061 8443 5328 3653 8165 4489 1328 824 6359 8034 1189 1603 6641 2421 1248 9950 1480 931 4901 6790 5480 3882 4572 9420 4985 5610 5708 834 4445 2836 6616 946 5391 9543 7681 1950 7598 6504 6534 4123 6596 1763 6592 957 3122 6853 1660 1712 7712 2778 650 9084 8691 5085 8484 3947 1198 7505 19 482 5634 232 2419 1414 5823 9523 8518 3275 9725 3530 8643 5379 9143 1113 258 9670 9085 9062 8385 8861 5883 5093 7828 9664 5933 8009 7958 1781 2462 9207 7140 5477 8824 7484 4915 6363 4165 3383 5496 2858 3681 5751 8058 7719 7267 1699 
5697 941 4222 3708 9009 2977 9457 2905 8460 9572 106 5524 8725 5598 9544 1663 3027 6757 3858 6635 6181 3306 3310 1721 5002 1408 4442 9802 5845 1680 7551 885 2389 3444 6839 208 1783 5815 7983 2387 8844 1958 9348 8025 1644 8254 7612 6965 3450 9052 8589 1711 642 9932 3920 7971 7704 3431 4999 8761 5418 2437 5433 4408 1317 9651 3255 1657 76 5457 3238 4229 8474 2682 3188 4045 8230 17 4060 4495 148 2577 9488 7641 7841 5801 7200 8396 234 1686 6957 7693 8086 9803 1348 3606 4968 3060 5631 3136 9606 2937 8625 271 3889 4171 849 6871 1267 3018 5139 2007 6360 1338 2722 6888 9673 7878 442 2093 727 9953 1620 2570 1962 6547 9047 7108 7338 8191 4141 8943 1218 3929 5322 9633 
2052 4335 8484 1781 5284 2343 4870 7316 8523 369 4157 2816 3155 3313 4246 985 3284 8583 2758 9661 1365 1758 8367 1916 5617 588 7572 4281 5325 8741 7815 7046 2514 4877 9175 2185 3306 9402 6131 3839 7349 2955 1045 777 5961 5579 4216 5374 9053 637 2761 3372 4650 4708 9682 5089 1268 6820 7183 4653 8553 5098 1137 68 9707 1298 157 6251 4561 8558 6797 5053 7827 1719 5878 8111 9806 3874 4811 5620 2378 2965 3714 2864 836 2080 1143 2066 4491 1709 1161 3693 4333 5356 6399 7401 7883 1807 8365 1366 7855 8812 8061 2810 5368 9223 9764 294 9838 9260 1030 2143 9105 1764 175 975 4059 5192 6979 8340 6993 1099 9074 9796 8443 2056 2492 6727 7258 6722 3207 4131 7118 1032 7195 9021 
2430 1826 9053 325 782 4671 8417 6506 6587 7620 855 2530 5266 5 4739 2240 6444 175 2966 2262 98 4063 8839 2410 9551 6302 2701 4824 1396 9037 2018 5657 208 5222 8706 7654 8026 8759 5827 4795 8143 8775 5852 8800 1608 9884 5280 4922 2020 4059 4576 690 5317 5966 6499 564 5220 145 4567 2940 4857 8517 8115 8606 318 5046 8927 950 6537 3735 5430 4236 1368 3410 507 275 7041 5611 4461 5919 1630 7211 4258 2810 8015 1449 8753 3987 6226 3324 6222 2730 6791 9796 9931 5501 9734 3500 1307 9777 3631 301 2708 2117 9817 3499 7086 9428 645 9828 6996 4823 4693 6803 379 8344 4451 9919 7741 9999 7724 7487 2013 6580 1607 611 2453 7893 3089 3809 2674 4011 58 2712 8143 8557 
8558 4812 9242 6871 2159 5364 5372 1286 2131 6571 7148 6228 1552 1568 3373 8748 1917 6987 439 4407 522 6107 8433 9077 9284 7450 2931 4422 602 3720 3844 6506 1390 1374 327 3511 8130 6910 929 3333 831 1278 6788 4617 5819 7850 8872 8758 9742 2745 9703 2573 3727 6067 6717 9039 5960 6926 2765 1004 6256 5173 6920 7288 3617 8230 619 1163 5771 9342 8 1822 3642 6707 7363 5338 8875 3776 777 5840 5333 9477 4933 1112 5452 7687 9455 9508 9491 1308 7017 192 2046 786 566 9516 9279 1455 2867 3626 1870 2174 5032 442 6008 4128 4952 2207 7465 79 8933 9721 2637 4612 5413 4821 7817 7254 9346 589 7759 5142 9144 5953 3661 9994 1286 7407 8383 8141 8434 1150 3878 4012 8972 2939 
8247 4145 7016 1030 3453 6587 966 9105 3254 2141 5671 2169 8063 9555 6856 758 151 1236 616 388 1912 1335 587 777 7979 6411 1156 3196 1596 1962 8106 4209 501 73 718 5742 3823 3311 578 9382 1378 7082 6076 3615 5779 156 1309 240 9243 4499 7057 353 7186 7977 1602 2276 8313 8179 1791 8447 1633 2222 9258 3661 8871 4565 4603 583 681 2128 4789 3232 4390 5477 2237 3291 8447 5887 5339 5946 4667 7012 5479 6383 535 8819 2465 4612 1137 842 8028 4801 2343 2860 2563 1853 8198 2985 2462 3464 5708 5095 8388 3393 5640 8849 6693 89 5900 9909 3812 6535 2014 195 8134 1001 5358 6310 7392 6099 2477 5590 1715 3829 7804 4894 1472 6627 4825 7263 9466 5973 4024 8910 9478 6521 
2751 5288 6139 6573 3086 16 3219 1810 2837 9259 1431 5941 179 5850 1144 651 1557 4643 4393 9090 1072 3983 9973 4205 3833 7582 491 1686 7552 4908 9475 1019 4853 3908 4198 4530 2851 9727 595 1633 8511 9358 3162 6618 3093 252 9020 2240 9101 1238 4535 6136 2006 7651 5375 864 1806 5150 7333 8937 8880 1834 3110 3661 7043 2076 4190 4958 7615 6115 743 1471 8064 4982 9134 433 2863 1421 5181 446 7345 2413 312 1417 1130 3604 5523 5713 4065 4968 1494 4193 174 299 5652 9598 5921 953 6364 846 7691 1978 7323 9618 339 8875 3770 4002 6144 4218 8781 4904 7256 7912 4051 3372 5775 4186 1576 6237 1895 293 5856 5908 1488 3868 5687 8496 4050 7183 5126 3314 5742 1977 8997 4434 
145 7574 3958 391 3624 5369 2293 6397 8536 6820 5007 9659 3936 9150 8008 9978 3628 5403 3005 7298 5231 5202 2343 8397 1044 3977 4581 3783 2322 8185 509 9877 1024 5873 7974 1877 9427 9011 7040 7453 2397 3703 2135 7151 8726 7348 7064 4543 789 5602 5221 9707 4471 9912 830 172 2479 2798 8531 4579 7562 4545 9914 8280 2483 9585 9337 7188 7254 3919 3807 7288 1551 6921 5771 9167 2839 3352 2616 8679 6409 7218 1715 9243 6313 2709 8587 296 9894 8903 2167 16 5030 5177 5816 6495 3851 2780 178 7037 1469 6277 546 6864 9135 5859 1499 8244 2400 832 7989 8423 5027 374 3082 8455 4067 1251 227 5302 6339 5806 373 3624 5097 1612 7354 9745 4875 8863 7867 8585 3244 9680 4667 5517 
8107 926 9054 3365 4799 866 8142 5416 9914 674 5158 1885 7851 9524 7041 7330 1906 5270 7737 9835 3258 4477 9755 8857 9579 1182 8394 5437 4412 6818 2436 958 158 8013 2330 5497 6405 4715 5801 6900 308 7517 2394 4973 5673 4468 7496 5805 4340 5625 3004 616 5670 7351 8789 4720 7954 5188 2986 5956 1930 6105 3432 5411 7398 5120 2148 2059 7621 5507 9775 7408 5261 4101 7253 693 7892 427 9514 4069 1207 6226 4612 4375 5294 5682 7994 1051 7037 6277 4255 2184 9556 5050 5003 9479 4532 185 4571 6909 9513 8235 6647 9843 1483 9101 8040 2922 2757 847 9871 2753 6034 9139 2391 3197 5759 2325 9765 7170 4287 1951 7286 2604 7260 1345 7814 3825 6684 4942 1503 8671 8267 3619 9082 9943 
2725 4990 8305 296 866 4893 5890 5319 8314 8539 4180 1153 5811 7546 7040 5231 4210 9651 8547 7689 1814 1775 5842 252 486 464 2863 6868 6878 1471 7519 9048 1478 8035 5749 2353 712 5287 8200 833 4587 1311 889 4305 1003 709 528 217 7279 6159 4206 7130 2342 3309 3603 5085 6844 4991 9954 3011 4543 9015 8478 3013 3423 9985 5005 3392 362 472 7979 1190 1815 8131 4214 6845 323 9667 2562 2713 5470 6505 129 4291 4171 5867 4473 3021 2632 6099 8235 602 7268 8114 9023 4383 6832 3615 7631 4157 5778 759 9714 8346 9550 709 4464 3268 5108 5834 2165 3366 6724 3975 6339 7295 6666 151 1284 1590 683 5163 8408 4043 6180 812 6760 7448 7629 8262 2116 4609 8040 6639 8436 5404 
2226 1769 1648 8970 9045 799 8297 5654 488 5650 2559 7941 4312 8127 4034 1151 8110 3495 2559 9726 297 1018 8151 7644 6015 1522 9413 1156 579 4931 5261 2753 4092 7835 5471 8567 941 6334 2150 4198 3258 2407 9894 7244 5027 8092 2184 2124 6305 7286 9701 6032 984 52 1887 7694 3694 9237 9097 2190 4717 8174 9073 6386 8134 8143 4255 8661 7494 3308 2683 5367 9179 5059 4696 8208 766 5745 1275 3303 4307 9898 8547 5014 4730 3873 8281 1470 1108 8280 3209 7010 4126 776 2074 5126 534 8493 7104 2301 7752 5541 6028 2219 6674 2075 4696 7509 6915 4201 5706 9083 3747 4030 4740 7943 3144 8620 2654 4585 4660 2087 716 2447 7596 4552 9772 630 7286 8480 6196 8979 342 5950 5001 6782 
1215 6316 7328 1044 8443 3980 2104 8381 6676 3402 3616 5308 2954 2302 9175 2115 2264 2345 7514 1772 6270 5960 998 7381 2042 3183 1719 7408 94 7631 1274 7778 3151 2757 6951 6692 5437 243 5950 1256 9426 9989 9130 6814 6009 7561 4248 5337 8876 6226 3658 9164 1952 6094 5117 8243 1039 1474 5247 8286 8645 8320 2604 8441 8194 1851 2084 6014 3104 18 499 595 4289 6794 3249 8610 6508 7226 8668 2218 4337 239 1671 3560 6023 3457 2039 3363 940 3248 5281 5988 2758 394 4518 7612 2481 5075 3713 2553 1772 3285 7859 6578 7835 7836 6551 8836 6540 8760 5466 8012 3846 3602 8230 5885 4986 6734 4988 8493 9909 6658 2795 9644 4308 9174 315 2503 877 476 9751 9072 9659 1891 2369 531 
2599 8166 9317 9306 7774 1497 3753 3576 254 4872 6947 739 3237 936 501 4988 7622 3648 2917 6522 3068 3546 4919 7614 5300 1578 6730 2009 1795 2321 9992 1065 2622 6624 4296 1049 9770 7719 8724 2598 6229 8088 8353 6393 7517 4022 8427 4261 2486 4416 2159 1415 8386 8108 8257 3050 8089 5704 9189 2557 3868 1244 4464 2397 3449 7537 2850 2626 9980 1579 577 8827 2094 8313 9913 8655 9692 1365 9159 3329 4414 2955 5049 8336 276 2107 6339 1747 1403 5657 3057 2818 9457 9962 63 7114 3821 1795 8813 5187 5433 1866 8361 4385 759 4404 1560 9774 3976 204 3631 2040 9284 4283 7499 9429 5553 3877 5714 2242 7818 808 1186 9649 6183 1650 9921 2326 2295 8540 2947 184 1052 7550 6131 1455 
2785 6243 1840 2904 2472 2416 6089 3073 4480 1670 9575 4371 1702 252 6249 362 4195 1549 8900 3585 5095 9659 9400 3510 5079 5172 168 2744 4105 9471 6792 591 8553 9193 4541 1499 2408 7287 4096 4710 8891 2182 1047 2052 1325 1619 8350 8620 8893 3757 140 9916 9592 1983 5490 1752 976 2882 7864 2753 6985 5876 1023 2411 4409 2415 2066 4375 3357 7058 8524 5293 7372 1137 6920 2267 9370 1314 2967 5737 6241 2646 4084 4840 5426 4022 178 8193 3661 9427 4808 5457 9975 2423 2815 7590 2659 1632 4829 3422 16 7520 792 1538 9053 4878 5277 9570 3143 4544 9904 7115 2071 6138 1298 2083 9008 3046 4308 6808 2178 9736 2245 9176 2937 9407 9471 2407 9889 8052 1861 5889 2200 191 83 7448 
9029 3544 9437 2192 605 6696 3967 5450 8177 8725 4817 730 3559 9274 6495 7175 3215 3615 29 363 3621 8992 1614 4286 1422 1137 9116 3787 7616 8452 4442 2633 3900 5524 2422 3119 2068 5024 6044 9039 3408 3150 1832 2942 2959 2026 5896 1702 513 3581 8802 7455 2131 9065 399 2397 1311 6910 5024 5568 782 327 5226 5070 9002 3005 5864 9014 7424 6961 337 9009 9797 3180 3692 9012 3442 797 525 5627 3773 5947 5049 883 9231 3837 4759 4283 2347 2424 4936 1678 6871 4016 6018 7260 8405 6427 9412 5758 7228 1810 8819 6549 891 3606 4216 1220 6358 4182 3391 7022 1436 8049 4951 1976 2495 472 5252 3091 1597 7439 5594 9002 3413 9592 4801 5616 458 4481 8555 5675 7154 9053 6779 3993 
4508 3016 4148 8290 5410 9270 3595 2332 3443 5477 7162 6825 156 5228 4665 2027 2093 3827 8979 8106 8596 4533 1786 8300 6698 5196 1254 5851 2455 7271 5585 962 1662 5477 5621 3711 4962 6703 773 2518 4017 7616 8948 7968 27 4548 7409 2671 5602 6166 2914 7084 4647 6501 8810 7388 2947 2085 7935 7043 9044 7993 4381 2679 2102 1627 6008 1869 8956 75 650 6916 7800 4876 48 4385 583 5052 2901 1121 5394 5605 6007 2161 9995 9480 7171 2248 3754 6910 7646 6457 9646 7390 8392 7202 2623 7578 4065 9139 6455 4847 3948 3238 3713 8688 7122 9818 9878 9687 6634 4620 3479 8772 5480 7091 4336 409 5333 618 2408 8004 1901 6058 419 3498 618 5418 5986 6017 8250 1119 4414 9434 3018 3708 
2180 5969 6538 6140 1089 1582 4651 3241 6140 8862 5483 2080 6341 3634 1216 4755 931 1951 3596 1483 9863 4535 138 3816 3687 7879 3949 7073 9365 5803 2439 1700 2364 5742 3273 2756 5279 4042 3532 9889 83 4552 2635 8230 1490 5370 1599 8062 8393 6356 875 4817 6068 3357 6576 8945 5955 2353 700 1031 5734 7187 5644 5104 2159 4198 315 2742 8635 2245 8714 4761 9061 8314 4940 4179 7609 6472 6572 9544 1517 9853 6034 2904 5007 7459 101 5730 7297 5194 516 3464 3065 7602 3839 5725 8196 2409 6498 8395 4153 3232 7865 9192 5566 6417 2875 5007 5961 743 1228 2724 4069 2098 2755 9031 547 1747 6959 6382 5415 7640 6792 1292 3251 9557 7085 9888 8613 1387 1440 3999 1029 9770 7505 4585 
821 609 1069 2242 1845 8314 2281 9496 8555 999 9962 2937 6133 5761 1177 1488 5055 4723 5397 7878 8851 4659 443 2290 7509 5938 7828 7510 2498 951 7469 711 4783 6434 8312 6627 3990 2267 1452 7361 8986 3803 7965 800 3104 6456 2856 1693 4159 2499 9122 1348 9228 1924 7827 460 6035 7435 3593 6103 2458 1588 2593 9087 8920 7690 8632 5353 3479 324 3768 3877 5336 467 9543 3560 7916 8193 2647 3246 4945 8049 2150 6269 1639 5006 5385 4757 1302 9962 3591 8942 2698 50 2107 7924 660 4742 4674 7597 3742 4842 347 2205 1856 4742 1632 5832 6605 4432 1739 7998 5594 6708 1129 887 8458 7740 887 8373 3615 4169 9608 8864 9041 3198 1933 2716 1708 6206 4321 8984 3330 5591 73 5567 
3217 8635 5322 1448 5871 4353 7406 7862 5796 375 2407 8204 7183 3059 2646 103 3100 1730 7585 695 3520 6992 2385 9017 2506 6180 4072 1582 5913 6979 5145 5557 6684 719 6948 3455 7531 6235 1925 4807 6743 3660 8175 4898 7661 6844 9518 6027 5845 9800 3164 8476 2199 2029 1553 3530 2229 8100 8439 4990 3056 824 3849 1061 7172 2273 1459 4119 213 5766 1966 1951 5594 513 1410 9634 400 9619 904 3375 6673 2103 1684 9924 7349 9086 8065 243 8789 886 5005 4171 8671 808 9466 2105 9411 6690 6270 2151 5975 6042 3659 2468 3784 362 929 4755 2715 1002 9511 2205 9143 612 7097 1974 5278 3581 3867 1519 8831 7249 2136 1614 9018 798 4137 3238 1331 72 5729 8250 6456 2028 1991 9596 
8711 9203 3562 129 9814 3562 1368 9864 8321 8327 8599 6317 2955 5568 9755 4239 6050 928 9584 3486 5482 2068 543 2921 2361 9543 8335 4018 8416 1641 2488 7717 6509 2975 1983 3760 4797 7280 5809 9304 8003 2045 2313 5552 2469 2512 5987 1972 1790 1141 1259 7940 107 7761 9134 1365 668 6027 2292 5816 9275 1894 3991 5728 4818 2492 6878 5639 342 1232 9944 1849 3498 4039 5746 7032 2718 6516 4445 33 9985 9216 766 9575 1743 8429 6449 2694 8696 1467 9955 1996 492 9980 8655 904 5555 5737 318 516 7015 4674 9738 8882 8844 5925 8876 1790 1576 4323 4784 4879 4993 3650 4184 2210 7135 9263 2337 5551 2084 6060 8923 6265 6956 4960 6404 6118 1059 5576 8531 8502 509 1502 6156 4619 
6817 9255 8609 7298 8180 5625 5513 3032 2677 2275 6204 8875 920 2864 7190 2496 7972 3803 2639 5410 5910 8848 479 1536 3487 4811 215 2783 6089 3021 6245 3335 8927 4922 3237 8566 2332 6442 7370 1072 3175 6721 3988 9051 7309 9239 1944 5062 5010 9709 9784 7116 6942 2753 199 8465 2648 2813 995 1902 2459 5174 368 3223 963 2069 9061 1503 6182 5744 9950 6721 9820 1329 8853 1434 8409 269 3614 4243 3354 4282 3198 5515 4764 2421 5431 2734 940 7203 653 4706 2354 8544 9428 4219 1903 863 8229 1233 2543 7141 618 4996 223 4231 1819 1164 8673 8008 6992 2778 6349 7354 5419 9500 4750 2097 6582 1313 1184 6630 1442 8174 4719 3895 2102 4637 7776 2497 5357 4873 8263 3338 8363 6510 
728 131 828 5371 449 9156 181 1780 4393 4248 371 1638 9078 4031 4602 8462 478 3536 4227 4045 2531 6626 8689 1162 5032 9186 4761 5983 6398 5535 1638 7484 3642 6438 754 403 8430 2276 138 5193 3845 1304 7218 3710 7821 1745 9293 9588 1883 8614 5116 502 2203 1237 4494 4995 2712 1402 2142 1798 9579 1258 516 1425 8324 4362 624 6279 2435 1655 3280 9793 9799 8659 6511 9488 6173 5082 5463 1844 2737 6357 1602 4946 9724 7946 8129 5716 4735 8948 5668 7082 17 2668 73 2984 7322 8904 1940 5011 4627 2362 7649 5189 8856 1937 5727 3648 4445 4068 1229 1837 6344 6735 6419 1223 3438 8843 1524 5732 4841 8802 4898 7505 3355 425 7011 6874 7462 3320 355 7822 5063 3505 4603 6587 
3581 8861 4814 8393 5300 6136 3562 2384 283 3517 916 5167 5115 657 2690 283 5504 2818 1857 3495 4817 3196 264 5097 8765 4659 8453 6843 1694 4973 495 2031 6357 1561 5106 9604 6521 589 4438 214 2554 7035 3367 6289 568 4749 1870 210 2391 5561 5498 6382 4746 3689 4844 6341 8298 2685 5746 4506 9272 9606 7766 9618 4448 9811 7634 6836 6554 1367 1915 7661 979 336 63 6084 1809 5438 931 3644 987 5393 8933 2259 1377 5391 1854 8270 9091 2036 1443 1372 448 4886 2171 3056 479 3330 359 9942 7880 5363 1819 1576 2113 7486 362 2497 4889 3367 9512 2633 7200 8926 4971 3659 2522 7515 163 5236 2912 1753 8910 5536 5757 8471 7233 4419 1953 5626 939 6912 6414 1337 6065 7183 
161 1893 4408 5456 9295 4901 567 3741 1217 6571 578 2337 6656 1140 9183 3336 5803 5751 1214 3224 5320 4349 8104 3073 6193 4007 1189 7722 423 2687 9880 2539 7462 9671 5418 1341 8546 5501 359 9136 4727 2531 2416 3721 9063 1983 4414 2584 9771 3434 5574 5419 9914 9455 9392 1217 6488 1262 9852 1564 7746 221 3489 1300 1237 737 7390 201 2370 811 154 3816 2614 950 1309 7996 8460 8714 1895 4741 5561 2452 1684 5097 7129 8139 7334 2192 7631 9516 2599 4077 2434 2157 1517 9957 2976 8792 167 6846 68 5567 8387 1153 1269 851 3319 1798 3142 6328 978 8253 5418 7024 621 3362 7983 3844 5935 1087 3151 836 4799 116 9799 8579 8044 2290 8455 260 1602 2534 3294 7462 7408 1809 
6899 1198 3121 8202 6522 2772 4329 6088 327 9624 3160 8849 305 2964 5286 4135 2538 3852 8749 9296 8589 9755 6010 449 6639 3663 5394 7736 4364 8824 6735 2046 595 292 7863 2276 7139 7858 2387 6811 5547 8206 9777 6641 2586 3763 3249 3173 2335 3763 905 6594 9898 590 1664 4960 769 240 482 9372 2403 6622 888 3732 491 9142 3306 2761 8647 1584 8900 1824 6761 2832 2333 5493 2894 1913 1000 7325 2273 8478 188 4514 7173 7852 9026 868 51 2252 2732 3578 7194 2462 7696 8792 6232 5329 5994 386 9824 3038 3705 5354 9470 6275 2385 6149 2734 7725 3026 1320 3592 6930 4136 4781 4522 4040 8204 8817 2426 8527 6624 5705 875 5358 5535 4755 654 4681 8314 2325 1797 7036 7178 9 
2368 5104 3963 1342 4871 8920 7130 5486 1809 4619 8301 21 5631 5200 7075 602 5655 3375 7423 324 3471 4508 1634 1982 6409 9596 5124 7741 811 4718 7467 5679 5654 4141 9711 7477 8279 5087 1655 216 5631 5297 6847 3161 2078 5877 2371 9755 2378 4899 6236 8448 7359 5434 2680 6434 3805 5182 5437 2244 3775 7402 1576 633 8264 4774 4743 7409 1509 1537 2716 1499 5276 969 3637 2491 2249 4167 5823 963 7823 2231 6641 7540 4494 9381 2530 1364 2966 342 739 5115 1636 6590 4278 424 640 1101 1100 8747 8232 7133 827 932 5234 7435 2233 1059 733 3891 5250 8966 7644 5520 9142 2592 263 3920 38 8395 7208 544 1126 3169 1544 110 3663 1755 4727 9328 4977 2779 7240 6465 5955 4628 
420 4292 7583 3901 1699 737 9009 4110 1770 405 8401 3953 2404 5112 1832 1986 1358 1198 4710 4122 7456 8735 1131 5843 2894 5606 2274 2779 2446 5989 4158 5386 5566 3846 2648 9729 8893 5029 1545 2343 8863 4626 8779 9508 5462 2579 623 9422 1742 9821 5444 7679 8451 659 8625 7824 101 2644 8585 5694 5653 6799 346 7754 8599 7740 3458 3699 9496 7275 5071 4128 9095 5867 1564 6356 2959 6117 7978 3596 3426 9413 5294 9992 1499 390 8631 120 1728 1411 891 464 2702 7398 1655 7423 8950 3102 4059 5726 269 7079 5115 3849 1370 8378 7741 2501 9679 5707 7692 7456 7438 1227 4840 9198 5916 936 2490 5213 7433 6665 3100 8010 8407 3701 1311 7372 4788 851 9879 6631 3087 9767 518 3175 
7785 4662 2457 704 1072 3198 2418 9556 1856 5850 7133 7112 6144 1630 6541 3962 68 4196 7133 7393 1624 6259 1393 1729 8554 2933 8820 4762 7723 6990 663 9378 3029 3786 2238 172 478 5072 9805 8510 7947 6585 6608 7533 4514 1985 3212 2826 5072 811 7984 2428 6321 263 664 6363 5887 9546 165 9373 756 581 8245 2564 9439 7530 4397 9331 814 7999 6361 1303 1259 527 2942 711 5706 6151 8239 8325 2766 6029 5886 1690 9907 1083 7831 3835 3929 1913 2898 1705 4967 2552 9275 2894 6403 1469 4862 282 7347 511 9133 7752 530 5795 9968 8877 3978 5691 2362 7038 519 4254 5229 6344 6596 3188 1058 3992 4099 7821 5702 6673 9946 1241 7533 1680 9272 515 3714 5423 8782 1324 5713 4967 
4319 1535 135 5174 7024 6803 5174 6691 9976 9821 2875 3401 5720 1227 7362 6742 1012 542 8646 6724 406 7937 5656 290 2131 3977 6280 9746 627 1019 7005 1197 1607 684 9442 269 2114 327 9582 2296 436 3640 7067 5230 7278 7256 1533 368 3555 1598 4268 5207 6176 8571 1279 7382 6113 8815 9267 1316 6279 4816 7225 4755 2878 1663 6966 5733 1639 51 6265 4470 3782 4868 2983 8961 5301 7974 4446 3210 6583 4622 2033 7458 2208 3710 894 2759 5546 1930 1858 3555 4262 3661 1136 6784 5669 6690 4251 7898 3111 3320 9214 6660 2326 3689 5491 8170 28 1944 7515 1985 1999 3185 2793 2492 4115 1329 8761 6283 720 6787 1844 191 5445 2051 4035 1259 5163 9003 9767 6772 1934 3202 5734 7916 
9879 4079 9165 5649 1274 682 2701 3469 9352 4653 2639 6849 1550 4044 2461 6192 4515 5107 2261 5853 1362 7434 83 526 6365 2870 1688 4348 317 7401 3671 7347 4536 8272 2733 636 1204 7571 5273 4496 8018 190 6280 2434 2052 1881 2878 5241 4691 9631 302 4387 351 1901 5663 4224 244 3576 2338 6294 3905 5491 4185 2439 351 9522 6306 7128 9876 634 3817 3048 6101 1981 6433 4222 6598 2273 1446 4556 8828 4129 2856 1628 8645 4947 8790 7592 3730 7434 973 269 7921 9998 1751 7962 7341 2110 784 26 2468 8071 232 7166 4901 4922 1662 5323 201 8979 2908 3641 471 6161 8200 9856 7596 7939 5247 1473 804 9011 3775 3143 2709 9770 1383 4293 5349 4108 133 6218 3734 9956 4185 2179 
9994 8791 8539 8060 2991 7027 5322 3742 4667 8773 7079 7797 3677 9652 1359 6767 1411 6668 6627 8237 3731 6612 1411 180 4632 9073 9105 9038 1865 3766 1431 7333 8464 533 9483 9519 1307 2224 1747 2797 5202 1577 7168 6166 1252 9041 6764 2752 1457 9788 2338 5317 4343 6962 705 8888 9728 7131 5527 3811 1857 4392 1037 9163 3356 9200 2154 461 9977 1642 9635 486 1823 2434 7526 9349 8720 6929 7188 3221 6670 6011 7872 1679 249 1900 8677 4832 1140 3884 2462 2302 6598 1360 4297 7034 1995 6559 8364 8086 42 367 8675 7637 8556 7462 2452 6497 688 8778 6124 3111 428 9539 9896 9976 6731 9914 3598 2480 6415 1503 2674 9955 4097 8838 9676 5916 2124 939 6858 4362 4882 7519 4632 2367 
933 9344 7632 431 1338 232 381 2964 386 7289 2002 400 9736 4134 1507 1907 3525 413 314 2516 7483 1174 7868 6379 1309 6151 8849 4927 234 5776 6589 6706 7676 9017 8451 5960 7203 1569 77 7839 1246 5512 7479 6807 331 5094 8984 477 7490 2062 2000 1088 2236 1809 2880 6283 307 2578 4164 1865 6953 764 1399 1663 1788 8440 9993 1570 5480 2168 5877 1168 8133 5943 8235 7822 4699 7971 8697 6695 6521 3379 195 1536 6182 4370 4801 1862 6922 6076 5099 4789 1016 4435 1999 4931 5005 7827 5955 7734 2942 2672 1759 1985 4908 1341 1416 5739 5837 2579 1084 9132 5879 6174 916 1713 584 2660 1495 4951 9384 1848 881 1449 6287 9 4639 8723 569 3957 8046 1372 7024 1733 5009 6615 
5249 8257 1095 9297 171 1684 2664 9185 4016 6656 8795 375 6282 6810 4135 1905 196 2256 7660 4349 6214 1484 3341 855 4915 9091 6591 1389 9201 6502 691 2527 3257 1500 5504 9228 6477 1605 3273 1087 893 5909 9849 8265 6465 9903 7210 222 3367 7321 8518 2442 2134 5814 5439 7513 4297 2059 1614 368 7149 5994 2720 4476 4537 2442 2573 2706 5883 4386 7746 7439 744 7733 880 8117 9443 9660 1294 7460 8872 4228 693 1125 7732 7361 4354 2177 2619 4396 5606 105 8124 3864 7239 2825 8975 2396 1616 8892 7406 9480 9773 8135 3770 6948 1757 795 4190 8438 9187 9554 963 9499 1117 555 4587 5127 1275 3926 6378 6980 2448 9929 1732 3946 4794 764 9646 7554 4418 3397 9641 2665 3587 1444 
6135 4942 366 235 9255 6009 2548 6952 4312 2372 9199 9020 6627 2750 705 4670 2490 6168 172 1761 8238 1944 926 7086 1133 1276 2465 5502 4620 2669 6733 148 8280 8585 8747 5736 5539 4007 6345 1250 6182 4185 187 5113 128 5737 462 1924 6607 2114 4827 7819 4721 8197 4491 3418 5067 6261 8624 2022 8407 92 4527 6490 2153 5772 3101 1355 4605 9792 6093 1332 4259 8994 7341 8326 2029 8089 8903 6033 4200 8764 8304 3998 1687 3230 4887 1444 730 6231 2695 673 504 1251 8372 8918 2891 962 9321 7595 367 1507 7845 9996 505 4649 5309 4600 1620 4592 474 7401 1161 9 7733 8181 6452 2201 4825 8451 7220 3162 9712 1161 2758 3252 2981 9795 2685 6868 234 4176 1855 1330 8198 1793 
74 7250 8435 7404 538 8520 4616 2038 4890 4614 1633 1925 9767 4910 3101 4560 6833 52 3333 2406 9368 1691 840 4316 6913 1686 2819 36 452 9450 2606 6868 7939 6694 5223 1114 5543 9479 2400 1552 4292 1287 990 1547 6417 8566 6282 8262 6139 924 6904 4234 6882 4032 7746 4963 5235 177 9298 3326 2662 4555 4290 6516 2271 1131 1101 2088 1285 25 7123 384 9776 5300 8174 1494 1852 7787 4248 5340 4901 828 3479 9544 5282 9608 5584 5366 3271 5354 7737 8648 2878 7194 9787 9321 7196 8048 6739 365 1992 4577 942 3037 4948 2953 803 3747 2181 6288 7420 7178 9929 8604 263 3823 4128 7933 4008 6440 3693 6800 4213 7047 7844 2560 3407 6697 6667 2103 8653 7966 5327 4970 6550 9614 
459 8795 2330 9501 2010 735 2307 5219 4002 8578 1390 90 2558 3157 8755 4706 6819 9577 6189 1556 9425 3252 1082 2889 5054 58 8597 8907 218 446 9958 5823 153 8401 4226 857 463 5204 3184 2053 1398 1642 695 579 5914 9612 3336 2287 5562 9771 828 4424 1835 9279 975 3287 3779 1389 2483 873 4566 2112 4947 4658 2151 1142 2116 1900 2385 97 415 330 2363 6937 1708 1199 3578 7956 7344 1363 483 4493 6673 1577 7177 2520 105 7799 7452 7679 3150 7996 3084 1259 1382 260 540 7410 3010 1478 1598 1538 4901 9986 1420 1863 3807 7078 5589 7341 916 2492 1962 4650 4745 927 2678 5033 3262 1937 4966 454 365 9169 2832 3816 2440 4057 6454 3082 9161 3798 1504 4748 863 2106 
1825 382 7148 2560 4340 472 4728 747 3573 9398 5758 9603 684 3513 1320 9583 3943 5029 6364 6958 1531 351 1843 5853 1448 599 4206 599 5079 5128 7515 7832 30 1938 507 6746 7342 3006 2774 5116 3166 1696 1814 1183 348 6526 5695 1913 7971 521 9229 5917 2024 6067 1081 2741 1353 658 1482 5606 8737 2718 8475 1140 5073 2544 5124 4101 9999 8011 5128 9109 4556 9975 7484 8456 4257 5587 8344 5701 7690 4295 7822 1504 3963 6353 501 2955 739 7746 4024 7907 1240 4969 2357 7146 876 921 3630 9389 4521 422 6866 4607 293 9240 5954 663 120 1308 7312 3325 6928 285 6852 9477 431 8462 992 2022 5677 1839 6252 9663 8156 3967 8316 9948 3948 672 1122 8280 3781 9809 1921 9092 
9973 5518 8422 9028 2449 7253 8412 7223 1020 2363 3493 3730 4090 2599 3986 8299 979 2245 2286 8393 1260 3670 1597 328 1222 9795 4083 1202 8544 8702 1992 7338 847 317 4699 1224 9195 6084 770 5438 4036 3739 4622 2912 2724 2525 4227 1288 185 8213 8714 9149 1904 984 751 6354 3905 5628 7010 9484 6383 5947 2098 9719 5521 8938 7068 4138 5113 3412 9597 6068 4325 1420 8499 9348 2007 493 7001 7779 5574 1102 7971 3430 3788 4683 9335 8930 1943 2073 7472 1991 2761 6120 565 2214 1487 484 1969 1107 5621 1175 7878 8361 6198 2349 3085 7353 9962 7853 910 4623 931 4978 501 9176 8505 954 2530 7332 6785 203 1049 5715 8261 118 9036 3630 510 2303 5536 4680 8487 9803 1906 6080 
2701 39 3267 458 6963 3366 7864 2588 1547 7707 8132 3548 1 3390 7745 5354 5846 3195 4705 2409 1360 7332 6925 5608 1405 2 8066 6625 3828 3285 1291 1361 5615 7337 6402 3093 4047 3201 321 6957 8674 949 2397 152 107 4681 6789 704 817 2486 5107 5815 7339 7940 9728 9848 6179 5750 9552 701 5195 1327 8955 9173 3772 1492 5691 9996 1826 5394 4047 8618 5075 1842 8977 123 3006 470 927 1152 3809 7758 8617 577 4917 612 3487 9197 2803 9973 6913 1565 7405 9963 2820 7317 9191 4628 2348 1263 6034 936 8126 4060 5015 1324 6033 7185 8003 3810 280 8986 2297 9725 214 557 2388 340 7552 1016 6297 1349 3999 5865 1478 953 2435 9194 5402 1582 8969 63 301 7138 9411 2605 
5953 1354 3102 912 9523 4077 1053 3181 5863 5662 116 1603 395 7843 9048 6584 7643 7889 1585 2237 783 7917 2348 5496 1898 3757 5082 4925 600 4269 838 3633 2396 7688 2197 3460 4339 6371 1680 1 6681 8326 5469 1555 247 165 6727 8926 6560 4778 4604 2992 5499 9121 3193 5287 5217 809 2683 9138 5255 4 5886 4899 4816 1564 3942 7291 7117 7661 9451 8538 2888 1502 4806 3610 5598 71 1567 2215 9814 2080 459 9656 9236 7465 1686 3235 5094 647 5152 2440 3256 1113 1349 4218 5189 8013 9747 8541 7642 9552 2199 723 1355 9994 9129 4040 5227 6651 631 678 1822 5336 708 205 7957 8803 4004 4067 5540 4975 5570 3780 3168 4550 7331 5008 4228 323 4093 2563 5279 1063 1067 6851 
4916 5177 3597 7247 260 9179 4297 4150 6820 5576 6609 138 2741 5313 718 5342 9297 9292 3945 4099 1449 1906 1712 745 1380 1114 9471 1155 55 8614 7743 1744 3457 1134 3066 2397 6942 4337 6255 8066 2237 3162 3579 3092 4247 2126 2944 7451 2307 4580 7213 5240 9675 4953 5679 3280 4825 179 9761 5330 4345 3274 7228 6904 5596 1285 6550 2325 2184 3443 738 5151 2550 6710 3958 4691 6568 9009 6796 9156 324 8386 2009 3806 6235 7330 9280 1755 9796 9416 5770 5322 2876 744 7835 2813 374 1763 5535 1857 6930 2456 9748 3731 2658 321 2559 2548 607 7601 4474 6511 2300 970 6352 2845 5716 4545 7559 6452 9172 8981 8001 3351 1035 4135 2878 1095 2192 2495 2889 5036 5561 7517 1375 507 
1736 201 2809 5175 695 2490 7033 1172 1461 1925 733 1851 9516 7826 8876 2176 5654 50 3888 2541 1018 3971 69 1749 7559 7202 1181 9577 2034 3860 2560 6696 3239 2496 3375 5848 2432 130 4985 3165 4227 6330 2568 2306 4154 4731 4904 4874 7905 9280 7791 773 5683 2641 9346 3749 5579 7860 7133 5187 969 9674 9704 4663 1040 2692 4310 7059 394 1616 469 9810 1295 5829 661 9367 9579 5763 626 554 3324 2671 999 2377 239 2714 6737 2757 1314 241 2715 8015 6564 2243 838 9601 6062 8982 910 2201 3191 5451 8937 4028 2098 7548 1828 2950 7011 6070 1571 824 817 1698 8954 8126 2241 8627 1578 4494 1335 5595 8505 6202 8138 1801 8985 3995 7964 6130 1539 9428 2868 7550 8071 8796 
7572 9637 5955 6644 1098 2665 3808 4585 8021 1635 2346 8011 2680 2231 977 4742 2634 1742 7553 1559 132 7681 8802 1472 9596 2691 8118 6112 8278 8465 4407 8243 4621 4041 3714 3259 8839 2740 9492 1881 4085 3239 7700 4013 6584 8320 8127 2115 4793 1982 7067 7888 4875 2169 7172 179 857 7161 8413 3297 8935 3386 566 1011 1652 6499 7161 4816 5128 8128 1320 44 1346 9371 9559 1784 2413 2480 6766 6368 589 8953 1182 5436 4278 6642 2604 2176 380 147 2657 4015 3933 4912 4169 9657 1350 2694 9737 2559 1662 5301 2528 4780 1962 68 3850 8965 2663 1557 6712 4551 8760 5233 3728 6439 5369 5435 3065 6815 2764 504 2468 7747 256 284 8921 5718 4050 3182 2897 6944 3572 8137 2441 4628 
1283 238 3427 9645 6035 1495 14 3768 7865 5507 5469 6806 5843 1975 3690 3509 4110 2573 7478 5960 2779 6920 6300 186 2678 8465 9479 9332 5570 7927 8150 5414 3396 1962 843 4357 812 104 5889 5044 6883 4402 1323 1663 2969 9871 1846 5583 2031 4488 393 1024 417 1337 6636 5799 3353 5608 6480 1389 7488 7829 67 4110 6662 6659 8350 8392 391 918 242 3918 9073 5881 8674 8125 9138 7372 981 882 2870 952 4697 2839 1056 3002 8032 901 3700 2700 6136 2907 7047 1182 1907 7747 5409 4001 4044 719 7751 1026 602 1535 6426 2160 6299 6982 1864 136 5087 83 8934 2146 9722 4982 3850 3250 1905 4977 7307 3313 9298 8441 1548 418 3478 6189 5469 224 9573 6748 2078 8781 5043 4639 
9670 6479 5439 1011 3777 5686 8697 5006 9582 9278 40 7472 1387 8055 213 2034 4812 357 2061 8992 8955 6467 6812 4901 1409 1504 6889 6653 6589 3320 4950 37 8266 3103 8723 2205 2630 1729 2430 7533 7363 1809 7147 2320 8601 3573 998 8904 43 9449 1900 4777 4039 3812 5570 9409 9303 6129 1498 4280 2396 2273 6711 2906 8725 4549 8477 9004 8525 608 7445 6833 6332 8535 1159 751 2782 7823 74 6342 8336 7 5993 9686 5004 7116 8412 841 1189 7864 1975 2693 8502 9594 1108 8488 5207 7129 9501 6295 9457 2079 8216 3223 2051 967 7429 438 9103 9009 2111 6846 6533 783 8444 5143 9633 8453 2854 8698 3380 8732 2139 6941 6259 9422 8382 2083 1694 8182 5204 8179 5769 4989 6987 9847 
6043 7176 8240 5496 7865 7202 1235 1287 7439 4924 7514 702 831 7305 6952 4229 927 4547 9965 2982 9368 532 7631 134 8127 6066 1469 3520 2924 3915 4858 9913 4114 722 31 2034 8943 9881 8741 6140 8136 464 3934 3445 6619 2252 3766 2599 2070 7690 3128 4298 2195 1877 4037 9146 3188 168 1104 9308 4277 2524 701 9459 799 4496 8938 5371 106 9165 8156 712 1673 911 2592 4133 143 4823 7978 6260 2102 485 6227 5280 3138 4281 5007 2913 4289 8124 1075 71 2761 4666 3927 2895 6599 1334 2486 1736 7011 123 9087 1595 2599 801 5302 9971 9667 8418 2045 3268 7817 7360 5251 2304 9573 3207 9581 1915 5893 8597 8047 4006 6430 8831 36 4692 6293 3405 3437 4883 7668 1380 1686 3760 
6974 5694 3579 2923 8577 3845 1735 54 6435 2686 4198 962 2915 1526 1794 5608 112 6816 5613 8528 4002 2605 7835 2154 625 1135 8713 5015 9664 54 2188 7777 4050 4946 3094 8627 9835 2093 6128 7563 4993 2941 2910 524 2466 2289 1767 138 1650 3490 4292 273 1000 2065 3910 5415 1840 3200 2162 3236 1250 9587 1828 4278 126 621 6444 1939 7070 7703 9309 2347 950 4542 3700 7787 2651 417 163 620 2859 3125 1533 2316 3609 2388 8154 2982 923 4843 9018 955 8565 6378 7925 9495 236 9664 5927 6931 9027 6486 9755 2099 8812 3246 1349 7683 3015 2695 958 1634 3142 8479 1710 6952 368 616 3775 3424 363 9561 2527 481 1789 8688 3885 9723 9834 3419 769 4122 4031 575 5405 9031 
6280 3061 3713 9901 5451 1635 4214 9501 3407 3335 8897 8467 4930 9515 67 5367 4155 1875 7320 570 1759 9418 883 4087 6970 8107 7120 6016 8298 6739 5821 960 874 6247 2199 578 6976 8842 2220 6151 7753 8041 1328 4818 6074 8177 8550 8586 6715 1786 4957 4737 7208 1652 635 2856 2882 2662 8062 1568 396 7476 1111 1301 4991 1633 4060 5064 5266 562 6120 1881 1790 5657 4157 5950 2155 5874 9601 143 5053 1405 3925 2945 9218 3108 3715 3589 7543 2583 832 8944 9551 1605 9148 9074 6393 757 9017 5159 2035 3219 374 4281 5398 5809 2246 5484 4961 2059 9683 2699 3824 2783 2408 1598 8448 6147 2923 6677 5206 6080 2365 2761 1801 8126 1127 7819 490 7266 8178 4650 2430 649 9981 9313 
4427 6375 4605 1800 5859 5279 7485 1753 7506 79 2750 3549 6220 539 2689 8111 3313 701 2067 6848 3844 680 7091 2216 9741 4747 664 3767 3947 8554 487 3001 688 9030 9949 6951 8566 1494 554 8401 999 4620 6992 9181 6204 7917 5212 6717 3586 5017 5187 7026 4727 7543 9314 9779 2570 3353 8663 9188 9205 7276 743 6968 3040 3701 6690 2210 234 6844 6975 1032 9018 2615 1331 9782 9965 2873 6003 4148 9253 311 4986 18 5848 9946 8928 8082 6133 4260 5154 9581 399 7337 150 2901 9077 1339 1853 8063 2047 9334 923 1947 3936 209 4435 3082 5872 9088 1119 435 6732 4431 6110 7305 9267 5445 377 303 1867 9670 1723 56 386 1126 4189 858 6817 6690 477 6988 5855 1613 8796 5196 
709 116 6358 1573 8500 3201 9926 7350 6722 6250 134 9586 3851 4546 329 2446 4398 39 9659 4941 4374 3984 8885 8186 6867 9982 3442 2365 8628 6503 8625 5974 4718 6072 9621 1419 6460 945 2335 3360 1426 5666 1102 1236 1902 9622 2628 8895 8173 9612 4409 5010 2691 350 807 3380 3025 8011 9643 9558 9684 1471 8978 2308 2851 70 8135 3547 9027 5460 7111 4213 6237 828 4443 5844 2526 460 573 5778 5291 896 6655 3027 787 2069 9831 4992 5053 5823 6587 5926 3464 8619 6197 2281 6271 665 8278 9784 7823 71 8020 8494 831 6453 2515 8988 5495 1479 6315 3137 7668 185 8471 8198 2000 8399 9154 8862 2537 9490 7024 2499 9526 4691 2705 9582 9334 9122 7812 3947 9592 2739 2142 7617 
6385 9966 146 9923 159 7284 2554 3849 415 2031 6084 6178 3707 3236 9737 4750 2707 8879 2318 9522 5324 9378 1471 734 677 509 9744 6298 8970 523 9866 8598 44 8134 6318 2660 6528 4347 9754 5306 7374 2008 8192 7378 9489 5113 1403 9702 5388 6568 3528 6460 5114 5930 1547 7854 4893 6450 8464 1859 7399 6202 4900 1286 7683 432 6944 4886 4193 6546 13 1589 2212 2258 421 346 9735 5516 4512 825 8054 7243 6960 1995 6591 8858 6982 3129 860 1288 5291 3782 9755 1655 1491 1130 6687 2899 2093 734 7865 2401 421 5752 3469 7631 2551 3926 8266 2257 4425 1913 2457 1072 4760 4023 4253 3460 7915 1569 644 8697 1241 5523 493 8940 4426 3641 8717 5374 9843 9094 146 612 1386 7539 
2281 9547 4064 5098 2942 3327 8132 2963 7395 3704 1545 6887 3263 3524 7795 9334 6131 5068 4258 5898 9186 1982 7353 9932 5856 7633 1349 2534 5986 6203 9399 1212 2974 7677 1370 5601 2281 4127 394 663 6547 2898 1629 1379 3904 9166 3383 4329 9631 582 9215 4025 3304 4888 6146 1179 6 1561 3002 5608 5458 2694 5954 6630 1381 2715 7803 6388 2697 4697 6508 6214 8954 9122 713 274 3266 3455 6442 8375 7731 1989 5143 2697 2661 3631 1076 4153 718 7294 8125 6545 985 7157 1396 2033 2069 1923 3630 9318 7408 2489 7864 4737 8537 3873 6968 5566 1872 4094 362 583 207 5978 768 8378 6651 4365 1871 4006 135 7683 6967 5562 5648 5160 3842 174 8339 2501 3268 1010 300 6816 3618 3096 
1804 7978 9949 5696 2596 7885 3531 5663 9426 1347 7287 5068 874 5113 7116 406 822 457 3934 2093 2112 8595 7496 4953 5002 989 3610 69 7600 7180 1783 9303 8459 2209 1686 2779 7889 7356 423 1161 2641 9602 1744 7667 7736 4078 8711 1391 9620 510 3129 9246 8158 9536 4331 329 8371 2177 8474 460 665 7715 8141 1430 4170 6673 1128 9228 867 6896 8823 7450 9687 8821 9189 5834 1993 1329 9095 7835 9336 2078 8355 2118 9462 1923 5175 5864 726 1882 3063 9224 3192 7196 9019 377 4421 4190 1388 2823 6991 2768 1520 510 826 5331 6064 134 1834 4346 1251 3441 7052 419 2031 7792 1277 2648 3087 8408 5849 2486 5051 1533 6775 9037 4056 5421 7892 9685 2503 1641 9618 1410 155 6376 
7822 6482 2961 5886 2256 5247 4245 7515 5814 9044 7357 1488 9515 471 2750 8730 6260 3538 9040 7317 902 9604 6204 5897 1998 8027 4210 1894 1681 9443 6911 9461 6721 7880 8489 4862 6146 9103 4915 2195 2945 2491 607 1492 9674 6018 6619 9342 3215 9468 3787 182 9090 1587 4500 1202 5657 648 5946 4550 1233 9816 4517 4238 9528 4468 7099 8045 1515 4538 3412 9675 8961 3545 522 8684 2366 2872 465 3903 5014 191 521 5721 1067 3398 210 1876 9295 5 8531 7027 4220 8427 4552 5235 6988 1126 5712 95 1492 8670 3200 7759 5886 4334 1088 1477 1639 9247 7824 1673 7611 3869 9082 8745 593 2550 6223 5750 9304 9578 9714 3185 1709 3041 829 902 4118 2073 947 3202 1554 4944 1058 7076 
2790 9693 9359 7494 34 5230 3865 3658 6778 5234 1786 4968 407 1188 3206 3484 6349 8333 2487 1646 7113 1605 3242 8661 1902 2554 808 7688 2300 6982 4304 6631 6392 8255 406 809 1842 1087 8752 7555 1482 4500 3412 7633 1739 4415 5134 4114 7061 4570 8451 4704 8971 1161 7769 2623 7286 7751 229 1407 9451 8591 802 2718 3236 9677 681 1940 2615 1722 3196 5577 4962 5675 7357 6431 9256 6426 9295 9504 6806 2070 8911 1100 8166 7247 935 4187 7038 499 2153 5884 6618 9900 7267 4461 5823 7409 9107 622 8570 3906 6758 1079 6426 3791 3947 1955 2744 4370 7981 8812 5226 5639 4869 1564 6247 6183 4259 355 1117 8027 2599 9093 6991 1222 2647 9359 2623 7612 3224 5806 1046 7363 9546 9164 
9357 7675 1516 5099 4337 4492 7878 2337 7929 3882 1484 6041 4340 13 889 5415 8214 2448 2825 996 1650 5817 1971 4973 9151 8558 8580 8433 9269 916 6664 1626 432 8868 1474 7662 4063 3218 7903 437 2027 3650 6384 924 8691 2646 4516 4806 8532 8582 8244 3541 4025 505 1898 7232 4118 1229 9342 346 6505 9104 4847 4771 602 5472 471 660 8755 8839 3056 3534 6138 5596 3040 9048 3439 5402 6601 4022 1006 2277 6742 6808 5438 595 2999 6588 508 7627 9372 8148 9453 27 8595 3284 2326 9388 2083 1553 1454 2603 1650 422 2075 8621 5708 5241 2300 9782 1920 1390 8846 5942 4817 8410 9562 2182 5787 1866 7271 6326 9462 4887 7160 7503 2957 1905 4028 5228 6815 2560 6460 2077 9770 2725 
