100 1000 1000
993 82 501
280 390 169
153 137 661
80 364 636
140 205 771
72 97 133
469 285 896
889 715 404
682 235 185
778 190 910
814 295 296
744 889 94
936 738 351
345 592 761
922 147 561
281 975 216
36 309 365
322 414 145
346 703 550
745 208 90
284 27 525
246 215 488
910 741 651
98 372 159
42 953 765
68 13 463
913 802 344
317 131 686
53 249 227
990 76 742
307 173 235
426 586 64
61 154 771
769 756 601
768 861 792
139 711 932
662 672 32
558 309 563
409 234 58
62 383 965
379 654 920
747 810 292
328 59 139
156 499 922
276 909 558
652 458 557
651 258 340
788 637 397
557 921 371
148 795 650
869 888 773
11 862 415
670 835 367
381 467 272
175 393 390
852 27 60
95 766 297
43 582 98
97 166 770
923 182 74
868 966 228
185 591 648
278 85 625
106 547 258
438 866 606
258 82 164
399 358 72
735 414 459
703 699 861
709 227 105
541 501 972
144 870 773
582 890 740
706 251 693
531 431 613
484 314 15
198 75 186
287 308 414
784 138 495
164 997 299
761 274 40
603 765 151
466 514 587
178 132 110
589 339 538
116 847 627
209 485 719
788 960 924
300 965 510
346 896 612
472 819 853
853 960 367
733 850 25
458 722 944
168 527 504
464 848 653
355 53 630
358 600 933
951 840 191
83 178 561
