50 1717
5 29 943
48 42 721
37 44 819
27 11 533
9 16 358
42 19 838
20 46 599
37 42 866
48 30 537
41 34 551
4 29 980
21 14 977
24 21 423
5 20 905
20 27 373
18 12 424
36 2 126
3 18 887
10 45 140
25 20 430
21 47 756
48 41 753
50 6 821
8 20 419
24 9 222
11 39 33
23 42 134
47 10 77
40 40 159
23 8 699
27 40 967
4 19 979
28 33 886
23 6 150
33 13 474
40 25 751
48 19 126
14 11 376
19 29 931
24 22 768
31 40 252
39 33 884
33 32 757
7 13 783
16 21 893
35 12 440
38 31 963
24 35 935
14 46 641
32 34 827
44 6 22
31 10 188
18 31 274
22 10 254
34 19 901
32 32 563
35 40 604
2 7 644
6 26 270
46 50 342
14 20 89
13 4 875
15 25 609
47 9 289
44 30 28
9 18 954
10 2 205
2 40 409
16 42 861
47 49 299
19 32 888
19 14 233
44 8 718
46 29 36
2 48 700
48 18 671
37 49 287
2 9 622
2 2 925
18 7 625
15 15 324
13 45 306
34 40 89
38 10 677
21 32 48
14 8 956
38 9 70
25 11 426
32 15 915
9 5 764
21 44 661
26 1 607
2 43 68
9 30 152
5 14 435
13 37 382
24 15 526
39 38 68
50 19 931
4 33 765
44 36 881
49 13 729
16 36 322
49 11 379
19 34 498
26 42 768
7 37 598
21 50 881
47 6 422
24 18 690
10 46 356
4 48 489
30 40 61
50 7 660
9 34 92
4 23 994
32 28 833
19 43 217
27 24 988
36 43 267
2 24 139
23 21 746
41 43 206
31 27 450
4 16 209
6 42 661
41 26 17
35 39 742
48 31 583
28 29 379
43 9 876
41 36 175
4 22 842
38 8 612
40 14 832
22 33 252
20 50 759
32 33 93
19 45 315
29 1 756
14 9 845
25 3 628
47 50 912
43 39 388
22 13 181
38 22 997
35 12 322
2 21 972
12 10 375
3 17 682
23 19 177
41 5 613
14 39 362
11 45 649
22 45 166
40 47 881
46 28 337
27 36 324
9 35 69
13 25 657
44 29 305
41 44 568
9 40 569
18 18 841
50 16 209
48 10 921
33 27 709
25 32 164
33 41 273
11 3 669
25 30 436
7 44 242
29 46 870
39 39 426
12 46 784
37 43 73
43 42 810
19 13 802
10 3 133
46 46 105
46 27 523
45 29 980
31 34 372
47 33 298
32 50 553
39 23 61
3 25 614
21 24 516
21 35 6
22 24 808
16 47 771
26 43 247
12 10 338
12 22 463
7 31 645
29 21 490
14 46 199
49 42 181
5 6 958
3 25 574
38 17 161
13 12 650
13 21 431
19 49 626
48 6 83
35 9 32
42 20 664
17 20 541
34 44 168
17 21 60
43 38 7
8 16 819
37 33 277
3 36 499
50 14 454
9 45 87
9 16 717
38 38 126
32 42 897
32 27 475
50 35 507
9 49 397
46 4 908
22 10 424
27 44 71
17 36 426
7 28 885
5 5 436
7 48 194
1 42 243
7 25 53
30 36 899
11 19 790
48 49 970
32 31 921
50 16 583
50 6 959
23 23 177
43 44 941
49 2 475
24 32 113
14 34 54
13 26 603
5 44 952
29 30 610
43 5 985
4 16 67
35 15 277
48 24 114
39 19 689
30 19 517
48 5 1
19 27 547
34 9 161
41 45 148
12 49 513
9 38 371
22 14 1
2 4 420
35 21 203
26 38 836
36 12 859
16 45 492
28 38 145
27 32 428
38 26 863
5 33 435
15 25 332
22 11 763
12 3 511
21 13 618
39 43 242
40 23 560
28 24 20
17 45 695
21 49 538
46 41 405
22 18 165
16 24 976
48 6 288
49 47 267
13 23 69
39 46 433
50 21 849
45 34 21
16 13 51
39 19 12
49 24 727
12 4 707
35 42 727
13 29 824
29 26 302
41 45 65
3 45 54
36 45 383
13 43 370
46 47 155
12 24 712
17 42 340
37 20 841
12 49 264
26 26 993
5 32 602
45 10 290
18 23 315
13 1 129
40 22 965
32 16 510
35 32 846
17 48 736
41 2 409
39 47 302
45 46 303
7 8 717
40 37 287
32 23 321
48 37 375
47 12 434
12 38 514
11 6 634
5 1 66
17 39 124
29 47 701
26 9 682
47 10 447
6 12 145
47 30 451
39 35 129
34 10 874
5 19 860
37 48 989
19 50 46
9 6 546
23 37 843
8 5 673
36 16 445
26 48 732
48 10 986
18 29 396
13 46 219
9 50 132
14 44 447
38 30 55
2 11 277
7 5 426
47 26 502
10 25 406
36 32 347
28 18 560
37 36 878
36 27 735
41 43 194
30 17 859
50 4 75
22 6 799
2 6 984
11 32 171
27 26 149
34 28 21
30 3 627
43 43 128
18 47 677
37 12 799
1 46 588
31 9 844
31 31 738
24 46 66
46 2 929
22 35 958
11 40 873
44 13 431
35 19 777
20 33 967
10 14 658
44 33 748
30 11 323
13 25 91
12 25 305
16 38 898
3 16 920
14 25 93
27 45 696
6 25 820
21 23 92
41 8 982
25 13 194
21 23 724
40 15 917
28 28 990
20 11 773
26 30 938
5 47 885
45 15 761
20 4 521
47 40 250
14 16 291
25 29 767
22 32 918
10 5 158
12 11 834
5 5 226
37 47 659
14 19 965
21 8 103
49 29 119
15 2 14
41 7 571
2 33 75
20 15 122
36 11 57
23 1 14
6 4 38
13 37 230
20 9 359
3 1 864
43 6 875
39 17 697
30 23 329
18 21 559
43 47 235
30 38 709
33 9 986
23 45 186
21 14 858
40 26 595
15 27 673
24 13 632
43 4 713
49 5 797
24 24 130
36 50 753
24 48 491
10 34 421
47 14 218
49 18 474
24 28 729
2 11 749
22 27 282
33 14 662
11 39 390
21 37 962
44 49 747
46 49 943
38 30 81
3 28 545
19 36 863
30 28 833
31 21 484
42 20 327
28 31 317
11 9 910
20 47 623
43 4 698
18 3 598
8 5 292
2 24 186
49 12 904
21 25 423
14 11 333
24 33 136
43 12 947
20 40 998
41 9 710
32 30 286
4 14 537
6 37 288
29 42 701
42 46 956
34 25 802
11 16 674
32 22 464
35 36 293
43 48 416
34 33 383
12 14 166
24 36 997
5 37 388
50 23 618
2 19 684
35 27 214
44 44 793
26 36 626
48 30 54
36 43 17
32 41 198
14 23 222
2 17 370
28 25 757
15 34 55
43 3 766
8 39 553
35 44 978
18 45 810
14 41 181
31 49 348
27 34 989
35 38 884
15 48 165
13 23 98
6 35 201
10 4 506
43 43 965
47 49 560
11 43 219
7 29 895
22 32 107
42 36 106
44 13 87
41 30 777
33 33 711
7 46 880
30 18 836
49 3 235
13 25 161
11 14 203
32 21 94
24 48 217
6 41 729
26 17 696
12 39 215
46 28 3
33 4 991
32 37 259
40 24 173
47 39 964
3 8 308
35 41 785
41 19 654
17 48 606
2 23 916
11 11 568
36 50 812
14 10 412
27 5 729
5 7 589
33 12 573
1 39 341
18 49 619
32 44 961
41 20 421
22 5 15
48 29 955
37 42 444
39 42 996
1 31 493
42 30 524
28 44 380
6 50 586
29 10 293
26 2 337
42 23 918
10 29 787
15 20 898
23 17 217
8 35 853
5 7 768
48 16 304
8 28 352
49 3 289
43 14 584
17 29 458
18 10 319
21 27 476
6 19 453
31 14 124
26 24 836
26 14 747
21 5 94
30 27 199
16 22 229
2 49 734
22 32 7
32 33 446
27 25 862
6 44 248
7 20 613
31 28 455
9 45 37
29 35 28
22 23 175
20 18 129
17 20 701
23 14 474
2 22 615
33 4 725
1 7 834
46 42 401
15 13 783
8 21 674
12 48 433
11 27 441
3 30 246
10 41 623
46 46 303
11 44 476
1 8 275
9 2 270
38 34 130
39 38 518
47 4 30
46 9 419
2 22 271
11 48 736
17 44 917
36 8 906
40 21 148
42 31 256
36 8 30
15 5 578
29 9 309
5 34 940
22 38 449
33 16 561
39 22 625
30 17 580
10 7 545
31 32 229
43 11 269
10 6 934
44 9 929
16 50 508
8 25 895
5 31 443
18 48 161
47 20 740
20 49 19
48 9 571
18 39 912
34 8 743
21 50 766
37 11 669
39 23 85
12 17 180
31 24 136
2 37 471
48 14 626
39 30 537
15 16 963
2 27 519
8 27 486
27 39 679
21 38 307
33 37 296
12 47 653
50 3 717
4 46 381
39 15 200
19 16 764
23 20 314
18 32 855
48 10 177
5 43 817
17 50 562
41 8 233
12 4 321
35 36 563
43 4 263
50 17 282
17 22 492
47 41 802
45 36 499
29 27 86
4 16 250
41 27 534
29 23 874
45 5 131
38 30 970
41 37 325
40 22 408
14 29 887
29 9 941
22 32 689
22 30 712
4 20 212
31 47 323
29 44 973
9 26 159
20 24 753
33 29 481
18 46 559
25 9 528
8 38 815
24 43 434
44 17 260
10 21 169
50 41 352
8 48 521
7 17 826
50 5 545
18 6 130
35 11 39
12 50 578
33 24 612
39 15 832
34 39 567
33 25 441
20 9 609
48 28 395
46 40 1
12 23 708
40 7 337
3 11 582
11 8 447
20 34 967
16 21 525
44 47 101
4 15 146
18 16 270
30 10 372
46 14 249
31 22 613
50 10 156
41 34 209
44 29 456
5 3 462
29 7 401
17 39 947
8 41 252
42 12 790
44 2 24
22 15 781
20 30 248
10 1 229
47 8 403
22 13 487
48 33 683
12 3 312
27 39 314
36 35 751
17 3 997
15 16 804
26 39 372
3 49 384
44 19 581
15 19 910
40 26 235
20 12 557
36 44 896
33 50 218
30 28 518
32 29 122
42 48 270
44 19 993
43 36 542
33 46 213
17 34 892
32 45 243
3 3 53
27 44 685
9 36 782
20 1 887
13 3 301
8 17 332
13 7 176
7 34 461
7 27 150
15 37 715
18 38 799
7 45 895
16 39 401
38 17 696
19 7 372
28 2 200
18 1 961
40 44 49
48 42 999
32 10 128
46 29 794
16 36 667
4 30 455
5 18 767
19 36 963
12 21 261
17 33 904
27 45 213
43 48 267
4 4 420
13 26 259
8 14 354
46 35 996
38 50 619
28 5 421
45 22 693
8 11 627
2 28 557
43 41 647
46 14 651
46 16 669
25 13 333
29 15 58
25 1 487
43 10 472
3 1 235
46 7 176
37 9 912
16 44 387
8 49 65
47 34 154
10 24 499
19 11 814
35 14 842
16 24 553
12 43 685
31 8 710
47 20 802
47 3 743
29 50 546
4 15 475
39 46 83
27 3 919
20 28 884
49 20 771
32 31 104
44 5 196
39 37 983
31 41 155
13 30 482
12 28 58
6 42 870
15 19 689
6 2 936
8 13 42
49 17 437
49 35 92
36 33 208
46 31 648
16 11 3
14 44 674
20 48 830
24 24 929
38 3 154
31 26 100
12 15 735
8 6 266
3 2 623
32 43 548
20 17 613
11 13 495
36 32 511
22 11 900
10 26 439
2 37 66
43 41 624
30 14 950
42 42 34
43 10 387
8 17 973
12 43 458
20 15 759
40 7 786
18 38 731
20 46 327
33 11 699
38 10 29
49 44 953
34 47 221
33 16 853
19 3 599
20 34 623
26 15 427
35 30 633
36 42 810
6 33 79
32 16 793
10 30 998
3 6 125
49 4 343
37 30 577
4 27 441
23 2 375
43 27 371
8 1 800
34 47 289
4 22 884
32 38 293
35 32 796
41 3 499
5 37 877
11 46 894
19 46 163
25 41 258
20 29 184
8 40 774
34 11 735
23 6 893
25 7 212
19 42 459
43 29 528
30 44 35
29 50 435
42 17 616
33 20 853
20 41 773
39 28 498
31 21 568
49 29 537
31 25 138
18 37 30
22 10 707
41 40 861
22 15 28
15 7 38
5 24 217
30 35 631
6 12 831
13 40 820
31 30 327
3 43 562
10 3 478
2 49 394
8 5 703
12 40 906
29 4 843
28 10 188
44 26 124
28 19 100
30 15 532
17 8 280
48 5 793
10 44 635
5 42 624
37 16 69
21 50 223
33 13 263
12 20 174
14 36 56
6 9 662
7 39 770
44 27 770
32 3 463
21 15 761
27 3 436
10 42 930
37 4 581
23 3 924
50 39 551
42 36 219
13 37 165
30 49 866
30 4 932
3 9 958
36 44 662
4 10 135
44 1 895
9 36 822
50 31 247
47 6 286
7 21 235
16 45 244
37 22 89
41 25 331
35 13 628
36 42 723
17 2 925
7 50 305
30 4 965
48 29 560
18 17 646
37 47 344
28 50 683
17 3 140
25 42 335
26 35 488
22 49 361
42 27 766
43 27 213
30 41 55
27 20 139
19 32 336
16 4 323
20 49 375
32 13 227
32 11 43
29 46 810
33 32 782
4 31 5
37 46 995
30 22 636
40 23 883
34 17 730
10 16 54
24 44 946
16 4 181
32 41 251
42 20 379
29 33 609
48 1 193
20 6 871
44 7 682
45 50 184
20 14 636
4 9 874
25 37 158
11 28 940
35 21 916
6 38 642
7 48 913
4 20 643
48 20 482
14 42 386
32 11 474
9 46 907
21 23 79
38 3 691
40 31 357
23 30 277
10 1 49
7 42 382
25 39 2
8 49 923
37 34 85
9 14 29
26 42 151
5 31 672
3 49 262
46 27 741
31 49 773
45 10 124
28 19 495
15 6 237
47 11 818
19 39 574
1 25 560
47 41 574
24 1 618
14 49 733
1 18 388
26 12 326
11 18 946
30 37 772
22 16 957
16 42 421
39 12 776
10 40 95
15 31 557
15 35 154
41 50 524
46 1 305
40 44 944
27 32 131
29 33 641
40 31 329
20 11 961
3 30 931
32 31 858
34 14 429
44 46 934
31 23 220
25 24 610
41 46 910
36 29 509
28 44 445
19 4 690
15 35 133
21 34 240
3 11 631
18 37 978
8 44 210
23 37 246
5 14 925
6 27 86
32 40 704
39 20 441
14 28 680
16 42 196
20 43 365
33 19 66
50 40 922
24 17 549
33 26 905
47 16 742
30 37 887
30 8 253
20 45 991
43 48 395
2 14 847
33 48 327
31 35 987
24 3 886
31 21 324
50 22 534
14 27 817
11 8 920
14 8 503
27 38 192
19 25 227
31 3 200
2 6 328
44 28 615
50 28 860
50 2 794
46 1 581
31 36 401
3 24 141
21 31 666
22 26 936
15 42 675
42 44 329
4 20 883
36 43 591
13 14 581
17 42 858
33 36 333
30 26 85
38 48 418
35 40 596
30 16 888
5 11 497
8 11 29
43 45 822
47 29 359
1 2 453
14 19 917
33 22 411
5 41 211
23 18 868
46 33 885
14 12 368
24 4 253
6 12 998
32 50 724
25 28 318
14 48 2
42 36 604
40 28 443
26 36 256
23 15 95
39 49 959
26 3 220
42 5 426
3 50 22
47 22 13
40 45 483
2 4 657
48 4 16
12 27 705
35 43 589
31 8 788
25 42 829
15 33 23
42 36 714
33 40 478
10 29 233
19 9 807
38 16 678
36 4 938
23 4 49
21 49 618
15 6 798
45 31 674
29 9 5
50 37 848
16 34 695
30 39 955
36 25 141
2 18 330
24 3 464
40 18 223
19 38 267
24 3 324
28 27 52
10 23 154
49 12 979
43 24 894
29 24 381
9 48 739
42 33 35
18 33 93
22 26 642
9 36 490
36 14 903
29 45 461
19 30 747
27 39 274
25 15 831
47 9 805
10 29 862
22 9 681
5 44 353
17 39 394
12 15 680
20 43 401
22 38 149
50 38 648
19 43 343
4 48 245
7 10 166
3 36 31
11 38 548
50 16 80
13 11 514
18 33 104
42 3 62
41 21 212
35 2 418
50 30 808
10 24 680
44 50 358
50 42 55
14 37 928
9 13 950
19 21 724
20 14 673
17 29 891
30 21 979
23 3 610
34 14 163
41 47 442
35 39 600
45 37 206
40 6 233
30 2 760
45 48 504
37 1 38
31 39 509
29 23 242
40 2 532
19 44 134
6 38 468
43 49 624
46 10 764
15 47 320
12 16 557
6 4 608
49 31 903
8 12 450
1 9 299
38 50 679
49 7 142
9 18 90
45 20 720
13 10 272
41 21 46
10 21 637
38 21 51
48 33 237
17 31 283
19 5 504
27 9 610
36 48 460
44 49 55
19 1 1000
26 38 406
33 36 937
35 41 651
46 1 216
12 40 141
14 32 139
19 41 83
17 33 241
4 20 325
47 36 12
15 23 974
26 3 411
6 3 429
35 22 107
7 28 641
9 39 14
40 45 180
7 39 690
48 11 676
47 33 797
25 26 704
38 16 332
40 34 583
23 26 770
48 11 862
48 50 176
12 22 681
36 25 521
50 8 3
4 27 549
33 47 46
27 41 204
32 24 444
47 2 648
37 31 609
46 41 936
45 27 767
22 34 468
22 3 450
31 13 683
41 40 15
50 47 698
5 27 765
35 28 916
48 39 14
31 4 574
19 2 876
16 47 883
48 38 910
28 30 917
37 7 399
41 11 436
1 14 406
50 38 159
12 11 951
17 10 932
49 28 948
35 1 671
16 37 921
47 39 231
37 43 922
33 35 543
20 43 714
9 6 944
30 49 209
36 32 484
28 4 161
8 13 112
43 48 455
50 8 912
38 35 104
34 15 536
27 47 359
46 13 374
43 17 520
5 24 726
49 2 549
35 13 292
47 14 639
21 28 111
49 34 662
9 46 107
19 17 22
34 47 869
32 9 62
6 49 258
35 22 268
37 2 358
25 27 31
42 50 197
23 41 473
24 37 196
45 37 360
26 11 172
34 48 90
23 12 220
34 2 750
17 4 775
25 27 997
37 37 842
25 50 493
34 40 203
5 45 605
28 43 62
10 17 327
21 12 617
8 27 528
21 9 362
37 10 791
49 24 498
2 18 683
29 25 286
39 41 53
12 20 533
48 14 431
3 17 511
27 10 582
28 26 28
35 23 797
19 24 342
41 27 293
9 29 285
35 28 308
10 1 238
15 7 53
43 17 639
42 16 711
10 13 789
16 25 830
23 40 39
6 2 974
19 9 334
20 7 919
42 12 731
42 8 708
27 22 592
4 30 601
47 41 560
42 22 214
45 17 911
11 2 482
13 42 895
42 14 153
5 47 487
41 24 730
2 6 798
23 13 968
1 8 909
50 3 616
41 9 76
12 2 534
1 44 580
27 30 682
25 9 769
6 47 166
16 47 195
28 35 248
38 13 246
35 34 349
5 5 184
30 41 12
17 15 228
41 7 129
32 16 709
26 12 884
27 37 841
24 47 275
29 35 221
37 46 779
28 42 313
18 21 592
30 38 186
19 1 73
45 4 206
2 21 909
26 4 542
2 48 182
48 12 384
25 50 555
5 40 254
13 44 487
26 22 468
31 6 766
27 26 158
27 32 174
11 40 765
28 6 423
1 44 386
14 8 131
22 40 254
46 7 556
28 9 58
37 4 502
43 7 970
17 16 600
23 21 626
1 23 581
29 4 501
5 48 960
2 32 198
27 24 501
50 43 838
28 14 639
22 8 439
36 28 310
19 1 138
38 14 807
42 31 250
30 43 276
1 35 147
49 12 294
13 32 442
41 45 634
17 23 539
39 35 323
23 36 462
35 6 862
37 44 343
25 46 423
5 24 727
31 18 830
10 11 238
37 40 692
18 42 397
6 24 478
48 35 501
18 39 634
9 40 710
5 19 164
40 18 207
38 7 958
48 47 780
44 27 397
9 34 520
21 11 701
39 40 985
1 14 753
8 44 267
21 47 507
23 47 92
43 8 873
7 39 479
10 12 477
22 23 969
50 27 447
30 45 192
19 16 898
43 22 19
9 34 651
32 15 735
19 33 799
38 20 411
13 9 965
35 33 460
13 8 316
44 26 64
33 32 515
19 42 514
14 45 381
16 49 685
10 12 566
20 20 83
12 22 335
43 37 639
43 41 710
34 10 820
46 13 846
36 34 734
44 9 379
43 2 602
5 32 128
30 41 885
44 16 692
45 1 655
33 7 90
48 18 75
9 21 505
4 23 360
12 40 461
35 3 840
44 29 142
19 24 962
44 30 415
24 42 112
20 15 514
12 2 573
9 35 39
24 45 466
16 49 226
39 37 861
49 18 850
45 38 848
8 6 764
6 47 603
2 39 482
29 21 281
28 33 634
12 19 501
3 9 420
47 19 298
29 41 539
22 36 459
27 35 346
9 39 224
43 46 23
9 43 900
40 20 316
23 22 377
33 34 341
18 4 649
2 41 418
23 39 383
39 41 385
22 17 30
47 45 171
37 49 56
18 3 261
12 41 271
25 18 310
7 8 469
19 37 20
17 28 843
50 32 155
6 26 289
43 19 559
5 47 937
43 41 931
38 27 698
24 44 127
35 13 901
45 24 272
4 8 226
26 15 409
3 29 417
18 31 74
11 38 858
33 22 891
14 50 268
15 16 421
4 39 452
11 19 277
33 44 944
11 24 529
14 19 932
7 22 927
12 29 337
19 27 83
47 17 665
48 8 523
21 34 938
20 31 222
42 42 897
8 23 505
9 26 612
40 24 141
48 45 191
44 11 876
40 36 600
47 2 5
38 37 316
37 37 14
13 24 893
26 5 2
50 49 617
31 40 74
25 39 863
46 38 855
9 35 240
22 15 238
36 11 365
46 29 578
40 37 347
40 34 158
43 20 485
7 45 284
34 41 700
42 39 374
35 44 781
2 37 503
43 35 434
39 24 529
45 9 823
19 29 789
26 49 920
34 39 166
29 2 687
42 19 973
9 25 60
41 14 278
1 48 730
34 14 431
11 48 986
16 41 635
48 37 119
5 29 322
4 19 689
15 48 824
34 25 196
9 42 119
47 26 493
9 29 413
19 35 573
27 44 750
33 29 908
49 37 729
31 37 306
1 23 697
6 35 250
21 27 825
16 23 994
42 26 273
29 14 401
17 20 877
5 23 485
36 31 609
1 11 744
39 22 585
50 31 973
35 30 692
8 42 557
12 13 830
11 27 651
9 3 1
19 35 213
23 41 826
20 12 357
27 15 126
28 21 445
20 37 911
31 28 756
5 13 902
3 33 880
13 28 849
36 29 277
24 26 477
19 49 456
49 47 16
48 22 180
21 19 547
27 8 939
45 19 881
28 26 400
26 43 258
48 41 75
14 15 277
48 39 841
19 29 663
26 33 956
45 40 238
45 4 582
23 24 468
9 4 876
2 50 932
23 16 166
38 15 141
44 38 323
14 15 232
34 4 367
17 35 985
24 8 791
29 44 108
25 37 975
17 50 854
36 2 876
37 11 963
48 32 999
3 37 315
42 29 361
46 28 481
15 7 799
9 25 848
5 47 389
41 45 216
37 14 871
33 14 146
