98 1853
3 83
20 14
1 86
95 25
83 84
26 46
8 29
32 43
78 83
9 29
7 34
95 23
73 43
66 68
52 38
31 86
21 40
77 50
11 66
66 77
66 82
44 23
16 38
22 15
87 46
93 38
46 30
20 68
3 57
11 27
95 59
69 98
82 46
87 25
41 40
87 5
12 40
13 59
63 84
87 21
21 91
76 34
69 78
17 92
58 57
25 48
12 77
36 18
94 38
95 94
91 80
17 4
61 49
11 72
25 62
85 23
58 65
16 21
16 29
80 7
52 86
59 98
32 38
12 55
85 57
13 98
43 79
8 27
46 84
20 98
88 66
39 15
82 52
72 7
11 65
8 90
9 84
25 9
90 29
20 19
17 55
80 67
75 81
95 7
77 57
56 83
70 31
87 94
51 2
22 24
76 86
93 48
1 98
51 54
66 45
90 58
82 54
93 58
95 31
63 81
74 8
11 47
86 9
69 62
66 72
7 84
13 60
63 72
72 78
12 2
42 47
60 65
60 84
71 98
10 45
1 7
85 52
12 36
59 5
51 48
25 14
43 83
94 56
75 49
21 92
12 65
14 57
41 60
56 98
91 85
61 37
64 37
69 59
66 18
68 24
60 70
89 49
2 17
80 37
85 24
16 7
86 37
57 34
82 55
48 83
10 7
77 64
46 83
94 5
72 57
77 78
87 23
18 83
74 62
2 22
5 55
52 92
14 40
32 68
10 85
28 78
39 22
58 53
94 23
21 51
74 5
12 66
12 4
52 96
45 19
52 60
78 30
28 30
54 30
20 35
23 55
26 13
45 54
75 63
67 71
71 57
61 50
20 90
32 44
90 60
80 22
10 17
26 1
38 37
54 22
77 7
26 58
31 37
88 95
93 49
64 40
42 55
61 34
88 97
67 65
26 25
5 38
36 58
74 49
19 60
23 30
13 78
98 96
88 75
12 14
10 42
45 29
35 30
38 18
72 85
80 74
94 84
81 54
32 66
60 35
90 98
21 78
39 71
59 14
22 17
12 28
75 16
63 76
4 86
43 15
24 37
63 69
44 86
95 51
95 67
66 3
80 18
67 9
69 55
81 5
46 6
83 29
98 70
36 72
19 5
88 3
91 23
80 42
72 54
39 55
94 40
91 34
20 49
11 45
80 82
41 38
11 4
93 62
72 50
44 41
68 47
6 5
61 30
64 31
94 52
36 55
91 49
21 29
21 22
66 62
73 19
93 42
42 30
87 1
51 31
33 9
10 93
73 98
6 29
18 96
52 27
20 83
6 92
2 82
25 22
89 47
75 14
60 86
15 53
48 31
16 33
76 78
7 83
87 37
50 54
73 68
51 27
71 15
43 82
52 64
77 68
74 17
32 19
63 25
42 6
20 58
54 14
82 5
21 43
45 79
93 51
75 52
88 60
52 40
36 29
15 40
63 96
49 40
26 45
25 5
91 55
61 63
43 14
10 71
11 80
51 24
25 18
10 34
85 65
71 78
10 52
78 47
19 34
67 27
75 78
25 42
66 53
61 77
42 23
51 22
64 83
64 9
25 55
12 68
48 49
95 8
67 55
38 84
22 9
10 92
5 78
67 17
11 43
68 25
4 78
13 15
73 83
73 92
33 40
54 97
44 60
67 60
14 17
75 36
42 35
10 91
74 96
93 63
80 60
64 96
78 92
73 33
57 53
56 15
52 71
51 82
81 71
93 20
28 72
7 96
32 17
62 29
7 9
46 5
13 83
86 92
25 40
93 24
85 15
66 55
50 85
68 58
32 48
14 42
26 27
61 18
91 43
79 18
59 35
74 44
9 47
16 84
28 20
43 84
68 71
77 42
4 38
21 63
44 70
32 31
50 58
87 38
62 9
50 34
17 29
54 53
4 29
51 56
94 39
11 86
26 57
34 18
73 54
43 86
33 46
88 68
85 98
13 69
73 45
69 31
98 9
16 8
39 41
29 65
77 46
93 34
54 37
77 98
72 92
70 38
81 48
72 58
65 47
51 98
83 55
10 80
44 57
91 19
96 29
61 38
39 38
24 86
15 23
28 50
1 60
16 90
50 24
33 13
89 30
54 86
87 8
32 67
9 49
27 98
95 36
33 71
33 49
33 35
18 40
62 96
23 47
51 86
13 92
7 37
95 84
67 48
66 56
93 56
64 4
93 65
11 39
87 65
71 53
16 25
67 98
90 62
20 59
6 55
82 83
10 9
67 35
33 42
66 59
69 76
87 98
21 33
21 60
98 38
16 72
46 9
23 29
66 79
36 48
27 79
50 40
42 1
44 56
82 31
77 70
53 29
95 22
19 90
28 23
80 84
90 42
87 76
93 27
36 90
87 41
79 84
72 4
75 95
51 79
11 74
67 1
91 79
14 24
74 41
46 1
61 53
91 25
24 9
2 53
8 46
63 92
79 57
74 57
73 9
95 20
13 42
45 64
42 5
62 78
8 60
94 9
41 3
81 4
11 90
50 56
80 90
48 55
63 35
44 97
1 65
26 30
63 47
3 22
3 65
57 49
15 79
16 94
28 45
90 97
93 77
22 40
44 81
72 6
15 57
90 5
5 31
48 7
3 58
85 1
52 22
93 8
3 6
32 41
25 90
41 22
34 47
19 54
32 30
63 15
67 29
56 47
74 13
46 35
88 52
45 35
11 20
58 86
12 71
95 19
14 92
50 97
26 94
53 47
32 45
26 85
11 44
73 78
73 89
39 5
19 92
63 71
93 91
25 64
75 66
31 47
31 83
12 90
68 39
31 23
45 52
38 97
50 68
16 24
21 66
26 35
36 70
27 53
48 6
89 29
1 97
68 30
28 33
56 27
13 53
19 31
78 37
90 49
91 6
77 69
56 52
39 83
21 76
72 39
66 97
90 48
46 49
26 96
39 56
41 6
50 71
35 40
32 40
44 49
60 92
94 78
94 64
64 38
20 48
88 6
63 82
20 42
66 23
11 23
95 29
72 27
20 6
27 23
76 89
20 3
82 1
77 45
61 85
54 55
8 19
87 59
51 23
19 15
36 5
57 96
87 97
87 6
26 70
35 84
69 97
21 34
11 79
64 18
67 52
61 39
50 22
13 45
48 79
56 92
68 22
88 73
25 41
20 71
81 23
93 90
73 76
81 3
14 4
81 40
93 80
21 1
76 62
43 54
10 29
95 69
41 81
10 37
21 31
58 4
36 43
2 70
12 86
3 5
82 96
11 14
41 55
31 29
88 56
30 92
8 9
60 58
76 79
39 54
68 62
96 55
88 25
32 46
85 56
41 27
67 57
44 92
1 9
33 83
72 37
31 30
23 96
28 85
28 51
69 46
16 20
13 4
35 53
87 19
18 37
67 56
85 22
43 89
94 67
66 84
59 27
38 34
50 1
27 37
14 55
73 35
19 83
85 13
10 83
26 41
64 49
60 17
88 62
43 90
12 26
17 97
11 10
72 8
39 4
66 64
27 92
85 39
75 90
12 15
24 34
79 96
2 73
14 23
21 85
20 84
28 19
81 9
87 54
43 13
27 96
68 56
16 91
48 60
80 78
56 78
72 68
77 14
90 22
60 6
59 65
75 26
32 24
54 71
5 97
34 92
98 53
52 84
3 30
72 38
11 53
11 67
68 85
7 38
14 18
80 83
85 71
67 53
59 64
67 34
78 23
67 59
69 18
17 7
61 84
8 15
30 29
63 18
93 52
95 13
21 79
43 25
87 13
98 35
98 49
26 38
75 76
26 2
22 65
11 51
25 29
75 28
39 24
21 62
3 60
75 9
61 27
11 61
61 90
75 93
32 63
24 1
72 70
52 4
26 49
56 49
70 40
36 30
93 94
79 40
51 49
73 4
2 71
56 22
20 22
15 96
1 49
86 40
24 58
38 30
50 37
68 34
45 8
83 30
34 55
14 30
8 37
76 97
80 29
85 86
77 62
61 14
63 3
32 27
88 30
24 4
11 16
32 15
75 82
43 53
22 92
85 19
77 35
80 17
41 64
82 79
80 6
10 77
70 55
21 82
51 37
63 59
91 89
2 3
36 45
88 24
35 9
43 40
56 96
41 59
45 44
25 24
44 35
80 2
36 4
51 96
10 41
41 89
76 35
4 97
91 41
10 27
54 57
45 42
1 47
79 49
61 51
14 37
75 30
16 31
78 18
76 31
50 60
26 63
22 84
54 58
54 35
88 16
95 16
40 92
41 15
39 44
81 17
66 58
26 6
95 66
8 35
18 30
85 59
73 64
85 69
45 25
46 65
27 31
78 40
91 17
35 29
6 37
18 49
68 54
9 65
61 79
39 90
87 66
24 53
74 89
89 92
24 18
81 78
59 79
81 98
89 15
28 97
75 20
69 6
39 45
6 35
73 27
32 22
41 30
54 49
12 78
8 49
79 4
39 46
51 45
8 92
68 78
61 81
85 53
16 77
91 51
23 92
25 1
77 8
66 25
56 58
91 86
6 18
71 6
88 38
36 44
32 81
88 43
61 2
73 81
81 49
44 17
76 46
58 5
77 38
32 18
41 9
73 8
17 34
26 54
66 22
88 61
14 98
91 56
21 38
32 25
5 37
15 47
80 98
77 97
75 55
25 89
90 18
93 69
56 62
90 71
75 65
8 42
13 40
41 52
15 6
26 14
39 58
90 15
73 42
9 40
8 4
15 17
2 52
87 22
77 30
89 4
16 86
14 97
5 23
56 24
56 1
14 58
8 34
2 42
43 42
51 57
26 69
72 18
26 24
50 59
88 22
11 58
61 48
66 74
75 43
36 73
44 52
16 6
51 84
61 44
87 40
85 58
21 2
32 37
69 96
41 79
44 18
80 41
8 52
54 15
66 90
60 49
36 23
56 30
59 55
22 23
25 92
91 70
59 97
25 96
16 35
26 23
74 45
63 23
2 59
8 7
12 42
42 7
8 71
16 79
56 86
15 65
85 29
74 38
66 76
94 45
45 56
32 13
15 35
64 97
25 76
46 92
94 41
45 41
13 64
94 65
25 6
28 98
33 57
60 37
15 62
61 43
66 73
68 65
61 86
27 62
45 47
4 83
20 85
92 65
42 17
25 34
94 34
93 12
76 90
31 92
20 57
81 92
32 69
8 86
90 9
90 57
85 43
95 26
3 23
68 43
32 7
13 71
35 83
20 81
97 49
76 40
11 6
31 18
27 7
94 27
51 44
1 17
12 16
95 65
8 38
95 70
64 55
2 8
3 78
95 42
16 27
88 28
94 61
19 46
88 23
30 40
39 81
89 58
98 40
91 69
45 38
28 70
71 1
56 3
26 48
33 6
14 53
74 98
26 21
28 7
88 71
94 54
76 18
61 9
91 78
72 30
3 37
16 78
13 55
20 29
51 3
42 86
87 72
94 19
71 79
8 98
50 65
22 53
77 24
7 92
11 68
14 62
88 81
22 62
3 84
51 39
19 62
43 62
52 5
88 54
23 83
75 29
19 97
90 38
41 98
74 81
55 47
74 78
28 25
21 73
4 30
31 9
17 9
69 34
66 40
43 1
94 17
93 70
20 89
21 45
50 53
41 62
6 84
80 5
76 96
10 13
62 5
54 83
76 65
78 9
93 2
72 42
73 38
44 47
97 30
35 78
21 58
46 34
88 34
5 18
98 58
74 6
16 46
58 18
58 31
19 18
52 48
81 6
88 59
51 60
15 4
1 83
43 52
73 52
2 49
60 79
59 57
27 18
75 23
16 53
62 30
36 17
4 65
93 7
74 7
11 48
75 94
26 52
79 97
12 27
26 39
2 31
67 90
69 24
61 28
43 9
14 6
88 29
11 13
81 65
93 15
25 57
12 13
72 24
27 22
19 22
95 3
39 98
95 80
91 54
51 72
72 48
45 46
77 79
80 9
60 57
12 89
36 46
13 37
12 57
7 86
3 53
12 31
87 89
52 90
11 98
63 9
77 19
48 35
62 70
44 59
19 65
66 15
68 9
13 7
34 86
91 27
39 7
48 1
62 31
82 9
77 83
39 84
76 49
5 57
74 40
3 46
12 20
88 67
10 97
10 74
41 69
75 22
44 42
79 34
73 18
41 35
80 24
16 54
36 65
73 67
93 60
73 48
85 83
70 34
49 65
36 22
34 96
94 8
2 89
96 65
28 79
36 69
68 96
89 57
63 97
17 37
12 21
87 43
32 47
92 37
93 13
93 40
30 55
11 96
79 92
16 44
3 1
6 40
8 65
73 97
80 85
33 89
11 91
94 29
38 40
12 22
16 41
50 42
59 38
87 68
26 55
19 47
39 13
26 67
13 82
19 40
51 59
54 1
2 30
2 98
39 60
3 55
61 47
20 27
75 68
33 45
21 25
33 55
43 35
85 5
42 79
45 70
88 94
78 53
91 9
70 49
52 46
88 58
98 55
91 24
90 79
91 50
61 66
12 85
28 41
28 1
3 7
74 58
39 30
19 59
10 66
75 40
16 34
35 86
50 30
25 69
3 62
10 67
67 19
82 81
10 79
61 25
1 70
82 56
34 65
33 81
44 38
52 34
56 34
87 50
27 38
16 52
4 37
42 37
62 49
76 70
10 19
97 92
51 5
7 35
83 47
10 72
59 83
2 60
63 33
50 13
72 77
87 20
63 43
32 8
90 37
27 65
21 8
6 7
10 53
81 34
6 97
12 35
24 97
13 25
18 65
10 82
69 48
79 29
85 49
13 97
23 84
25 23
36 85
14 34
95 5
81 7
93 18
28 92
75 37
79 53
63 31
93 64
69 5
12 84
59 46
5 65
51 70
61 7
67 62
63 17
91 67
17 6
68 57
75 39
74 65
11 84
54 6
95 76
72 22
76 27
91 52
75 25
95 18
53 37
88 32
60 38
22 55
2 43
12 58
82 15
69 7
80 44
15 98
1 6
28 89
88 10
27 34
41 83
48 9
79 30
73 65
63 53
58 49
61 23
86 97
74 19
53 49
19 53
60 9
79 38
63 46
2 92
2 35
51 58
11 18
82 35
70 65
38 96
98 5
82 24
4 84
2 25
36 1
61 8
32 16
56 69
61 98
8 1
8 64
62 23
61 1
15 37
95 14
16 97
10 21
93 36
1 58
95 4
7 47
16 55
12 6
21 83
43 18
97 65
75 96
77 74
34 83
77 23
33 58
61 15
36 34
61 41
8 84
10 90
68 35
68 52
27 9
26 91
94 68
35 92
64 53
82 40
95 56
88 98
73 17
17 96
94 53
61 21
31 55
53 40
33 52
91 33
67 44
24 38
21 96
87 15
82 69
17 53
43 48
95 40
80 50
77 17
19 1
95 60
33 14
24 17
11 81
67 86
57 29
12 67
2 18
83 65
84 65
16 58
98 7
67 3
7 53
51 53
66 98
50 46
49 30
17 47
16 63
41 96
81 90
61 82
93 67
32 53
72 15
67 83
60 78
93 41
56 31
27 84
21 23
2 7
14 9
76 3
89 90
36 19
51 9
48 46
43 29
66 78
73 13
81 55
5 92
3 47
85 35
88 1
62 83
27 4
56 48
60 5
85 38
71 4
66 65
45 81
19 48
46 78
8 47
85 37
19 79
72 56
66 42
39 70
63 79
76 9
36 33
33 84
59 34
8 31
75 42
39 37
98 4
95 57
63 77
11 76
4 49
74 37
31 65
78 86
83 37
44 9
51 62
66 38
41 29
81 1
24 83
77 9
20 67
70 47
39 52
46 53
77 22
20 46
94 81
27 70
88 12
80 73
76 7
19 98
56 70
21 14
44 30
96 30
73 46
96 37
25 84
85 55
69 30
46 38
24 47
50 29
17 84
28 59
88 26
85 45
2 40
28 36
26 43
12 41
11 89
64 23
51 33
68 67
71 40
93 97
97 40
51 52
86 47
91 59
14 49
2 20
32 42
85 54
16 89
94 89
63 80
82 53
19 76
48 14
32 55
56 71
93 44
75 32
42 58
45 3
71 86
91 76
7 18
90 1
61 45
77 48
39 34
62 84
2 84
94 62
73 62
16 61
61 52
21 50
77 34
92 47
63 1
32 89
88 21
27 49
72 20
1 57
68 83
98 34
59 96
28 68
66 6
75 33
19 57
15 83
43 44
13 29
67 82
36 77
61 91
19 4
88 53
28 48
36 35
17 23
58 6
59 22
16 37
67 46
71 47
39 1
67 4
22 42
28 56
19 37
2 56
10 81
22 6
11 31
39 49
58 38
21 86
22 97
13 19
69 40
3 18
43 41
94 28
89 3
50 39
69 42
60 4
87 29
75 11
87 28
63 44
66 17
93 43
88 76
42 31
61 64
91 71
90 96
61 5
44 48
77 31
21 80
21 74
43 55
94 82
51 25
77 20
45 40
14 35
